fare_id,route_id,origin_id,destination_id,contains_id
3240001022504_150_00,354392225,2818 1,2799 2,
3240001022504_150_00,354392225,2629 3,2791 3,
3240001022504_150_00,354392225,2817 2,2799 2,
3240001022504_150_00,354392225,2791 3,2792 1,
3240001022504_150_00,354392225,2795 1,2994 1,
3240001022504_150_00,354392225,2795 1,2797 1,
3240001022504_150_00,354392225,2795 1,2796 1,
3240001022504_150_00,354392225,2816 1,2819 2,
3240001022504_150_00,354392225,2818 2,2994 1,
3240001022504_150_00,354392225,2819 2,2816 2,
3240001022504_150_00,354392225,2818 1,2818 2,
3240001022504_150_00,354392225,2816 2,2994 1,
3240001022504_150_00,354392225,2627 1,2790 1,
3240001022504_150_00,354392225,2795 1,2815 2,
3240001022504_150_00,354392225,2797 1,2994 1,
3240001022504_150_00,354392225,2799 2,2993 1,
3240001022504_150_00,354392225,2625 4,2629 3,
3240001022504_150_00,354392225,2815 1,2990 1,
3240001022504_150_00,354392225,2815 1,2992 1,
3240001022504_150_00,354392225,2817 1,2818 2,
3240001022504_150_00,354392225,2991 1,2975 0,
3240001022504_150_00,354392225,2796 1,2798 1,
3240001022504_150_00,354392225,2819 2,2818 2,
3240001022504_150_00,354392225,2818 1,2817 2,
3240001022504_150_00,354392225,2793 1,2795 1,
3240001022504_150_00,354392225,2795 1,2815 1,
3240001022504_150_00,354392225,2816 1,2818 1,
3240001022504_150_00,354392225,2816 1,2815 2,
3240001022504_150_00,354392225,2994 1,2991 1,
3240001022504_150_00,354392225,2815 2,2991 1,
3240001022504_150_00,354392225,2626 1,2628 1,
3240001022504_150_00,354392225,2796 1,2797 1,
3240001022504_150_00,354392225,2818 1,2815 2,
3240001022504_150_00,354392225,2816 1,2799 2,
3240001022504_150_00,354392225,2815 2,2994 1,
3240001022504_150_00,354392225,2797 1,2799 2,
3240001022504_150_00,354392225,2799 2,2990 1,
3240001022504_150_00,354392225,2799 2,2991 1,
3240001022504_150_00,354392225,2818 2,2799 2,
3240001022504_150_00,354392225,2625 4,2628 1,
3240001022504_150_00,354392225,2626 1,2629 3,
3240001022504_150_00,354392225,2626 1,2790 1,
3240001022504_150_00,354392225,2792 1,2793 1,
3240001022504_150_00,354392225,2990 1,2975 0,
3240001022504_150_00,354392225,2629 3,2790 1,
3240001022504_150_00,354392225,2816 2,2799 2,
3240001022504_150_00,354392225,2791 3,2793 1,
3240001022504_150_00,354392225,2994 1,2993 1,
3240001022504_150_00,354392225,2815 2,2992 1,
3240001022504_150_00,354392225,2794 1,2795 1,
3240001022504_150_00,354392225,2818 2,2815 2,
3240001022504_150_00,354392225,2815 1,2816 2,
3240001022504_150_00,354392225,2815 1,2991 1,
3240001022504_150_00,354392225,2817 1,2817 2,
3240001022504_150_00,354392225,2819 2,2799 2,
3240001022504_150_00,354392225,2816 2,2815 2,
3240001022504_150_00,354392225,2816 1,2817 1,
3240001022504_150_00,354392225,2815 2,2990 1,
3240001022504_150_00,354392225,2815 2,2799 2,
3240001022504_150_00,354392225,2797 1,2815 1,
3240001022504_150_00,354392225,2790 1,2791 3,
3240001022504_150_00,354392225,2815 1,2799 2,
3240001022504_150_00,354392225,2819 2,2994 1,
3240001022504_150_00,354392225,2818 1,2816 2,
3240001022504_150_00,354392225,2798 1,2815 2,
3240001022504_150_00,354392225,2627 1,2628 1,
3240001022504_150_00,354392225,2795 1,2799 2,
3240001022504_150_00,354392225,2799 2,2994 1,
3240001022504_150_00,354392225,2815 1,2993 1,
3240001022504_150_00,354392225,2815 1,2815 2,
3240001022504_150_00,354392225,2819 2,2817 2,
3240001022504_150_00,354392225,2818 1,2819 2,
3240001022504_150_00,354392225,2798 1,2799 2,
3240001022504_150_00,354392225,2817 2,2815 2,
3240001022504_150_00,354392225,2628 1,2629 3,
3240001022504_150_00,354392225,2628 1,2791 3,
3240001022504_150_00,354392225,2816 1,2816 2,
3240001022504_150_00,354392225,2797 1,2798 1,
3240001022504_150_00,354392225,2790 1,2793 1,
3240001022504_150_00,354392225,2625 4,2626 1,
3240001022504_150_00,354392225,2815 1,2817 1,
3240001022504_150_00,354392225,2817 1,2819 2,
3240001022504_150_00,354392225,2991 1,2990 1,
3240001022504_150_00,354392225,2796 1,2994 1,
3240001022504_150_00,354392225,2796 1,2815 2,
3240001022504_150_00,354392225,2796 1,2815 1,
3240001022504_150_00,354392225,2992 1,2991 1,
3240001022504_150_00,354392225,2993 1,2990 1,
3240001022504_150_00,354392225,2815 1,2819 2,
3240001022504_150_00,354392225,2815 1,2816 1,
3240001022504_150_00,354392225,2817 1,2818 1,
3240001022504_150_00,354392225,2817 1,2816 2,
3240001022504_150_00,354392225,2817 1,2994 1,
3240001022504_150_00,354392225,2817 1,2815 2,
3240001022504_150_00,354392225,2796 1,2799 2,
3240001022504_150_00,354392225,2993 1,2991 1,
3240001022504_150_00,354392225,2993 1,2992 1,
3240001022504_150_00,354392225,2816 1,2817 2,
3240001022504_150_00,354392225,2816 1,2818 2,
3240001022504_150_00,354392225,2994 1,2990 1,
3240001022504_150_00,354392225,2994 1,2992 1,
3240001022504_150_00,354392225,2797 1,2815 2,
3240001022504_150_00,354392225,2625 4,2791 3,
3240001022504_150_00,354392225,2626 1,2627 1,
3240001022504_150_00,354392225,2819 2,2815 2,
3240001022504_150_00,354392225,2798 1,2994 1,
3240001022504_150_00,354392225,2816 1,2994 1,
3240001022504_150_00,354392225,2790 1,2792 1,
3240001022504_150_00,354392225,2818 2,2817 2,
3240001022504_150_00,354392225,2625 4,2627 1,
3240001022504_150_00,354392225,2815 1,2818 1,
3240001022504_150_00,354392225,2815 1,2994 1,
3240001022504_150_00,354392225,2815 1,2818 2,
3240001022504_150_00,354392225,2992 1,2975 0,
3240001022504_150_00,354392225,2818 1,2994 1,
3240001022504_150_00,354392225,2793 1,2794 1,
3240001022504_150_00,354392225,2798 1,2815 1,
3240001022504_150_00,354392225,2627 1,2629 3,
3240001022504_150_00,354392225,2627 1,2791 3,
3240001022504_150_00,354392225,2817 2,2816 2,
3240001022504_150_00,354392225,2817 2,2994 1,
3240001022504_150_00,354392225,2628 1,2790 1,
3240001022504_150_00,354392225,2795 1,2798 1,
3240001022504_150_00,354392225,2815 2,2993 1,
3240001022504_150_00,354392225,2799 2,2992 1,
3240001022504_150_00,354392225,2818 2,2816 2,
3240001022504_150_00,354392225,2625 4,2790 1,
3240001022504_150_00,354392225,2815 1,2817 2,
3240001022504_150_00,354392225,2626 1,2791 3,
3240001022504_150_00,354392225,2817 1,2799 2,
3240001022504_150_00,354392225,2992 1,2990 1,
3240001022504_160_00,4207301662,2311 1,2310 1,
3240001022504_160_00,4207301662,2052 1,2050 0,
3240001022504_160_00,4207301662,2054 2,2053 2,
3240001022504_160_00,4207301662,2054 1,2051 2,
3240001022504_160_00,4207301662,2055 3,2052 2,
3240001022504_160_00,4207301662,2313 2,2055 4,
3240001022504_160_00,4207301662,2054 1,2055 4,
3240001022504_160_00,4207301662,2312 2,2055 4,
3240001022504_160_00,4207301662,2050 1,2052 2,
3240001022504_160_00,4207301662,2050 1,2051 1,
3240001022504_160_00,4207301662,2311 1,2313 2,
3240001022504_160_00,4207301662,2052 2,2051 2,
3240001022504_160_00,4207301662,2052 1,2051 2,
3240001022504_160_00,4207301662,2054 1,2054 2,
3240001022504_160_00,4207301662,2055 3,2054 2,
3240001022504_160_00,4207301662,2053 1,2053 2,
3240001022504_160_00,4207301662,2311 1,2312 2,
3240001022504_160_00,4207301662,2052 1,2053 1,
3240001022504_160_00,4207301662,2054 2,2052 2,
3240001022504_160_00,4207301662,2312 1,2053 2,
3240001022504_160_00,4207301662,2312 1,2055 4,
3240001022504_160_00,4207301662,2055 3,2310 1,
3240001022504_160_00,4207301662,2051 2,2050 0,
3240001022504_160_00,4207301662,2052 2,2050 0,
3240001022504_160_00,4207301662,2052 1,2054 2,
3240001022504_160_00,4207301662,2054 1,2052 2,
3240001022504_160_00,4207301662,2312 1,2052 2,
3240001022504_160_00,4207301662,2314 2,2313 2,
3240001022504_160_00,4207301662,2053 1,2054 1,
3240001022504_160_00,4207301662,2053 1,2055 3,
3240001022504_160_00,4207301662,2052 1,2055 4,
3240001022504_160_00,4207301662,2312 1,2313 2,
3240001022504_160_00,4207301662,2055 3,2312 1,
3240001022504_160_00,4207301662,2055 3,2055 4,
3240001022504_160_00,4207301662,2053 1,2052 2,
3240001022504_160_00,4207301662,2310 1,2314 2,
3240001022504_160_00,4207301662,2051 1,2050 0,
3240001022504_160_00,4207301662,2312 1,2054 2,
3240001022504_160_00,4207301662,2053 2,2052 2,
3240001022504_160_00,4207301662,2053 1,2051 2,
3240001022504_160_00,4207301662,2053 1,2055 4,
3240001022504_160_00,4207301662,2055 4,2052 2,
3240001022504_160_00,4207301662,2052 1,2055 3,
3240001022504_160_00,4207301662,2310 1,2312 2,
3240001022504_160_00,4207301662,2051 1,2051 2,
3240001022504_160_00,4207301662,2054 1,2050 0,
3240001022504_160_00,4207301662,2054 1,2055 3,
3240001022504_160_00,4207301662,2314 2,2312 2,
3240001022504_160_00,4207301662,2055 3,2311 1,
3240001022504_160_00,4207301662,2050 1,2052 1,
3240001022504_160_00,4207301662,2055 4,2053 2,
3240001022504_160_00,4207301662,2313 2,2312 2,
3240001022504_160_00,4207301662,2052 1,2054 1,
3240001022504_160_00,4207301662,2310 1,2313 2,
3240001022504_160_00,4207301662,2053 1,2050 0,
3240001022504_160_00,4207301662,2053 1,2054 2,
3240001022504_160_00,4207301662,2055 4,2054 2,
3240001022504_160_00,4207301662,2311 1,2055 4,
3240001022504_160_00,4207301662,2310 1,2055 4,
3240001022504_160_00,4207301662,2051 1,2052 2,
3240001022504_160_00,4207301662,2054 1,2053 2,
3240001022504_160_00,4207301662,2312 1,2311 1,
3240001022504_160_00,4207301662,2312 1,2310 1,
3240001022504_160_00,4207301662,2312 1,2312 2,
3240001022504_160_00,4207301662,2312 1,2314 2,
3240001022504_160_00,4207301662,2314 2,2055 4,
3240001022504_160_00,4207301662,2055 3,2053 2,
3240001022504_160_00,4207301662,2052 1,2052 2,
3240001022504_160_00,4207301662,2052 1,2053 2,
3240001022504_160_00,4207301662,2311 1,2314 2,
3240001022504_160_00,4207301662,2051 1,2052 1,
3240001022504_160_00,4207301662,2055 3,2313 2,
3240001022504_160_00,4207301662,2055 3,2312 2,
3240001022504_160_00,4207301662,2055 3,2314 2,
3240001022504_160_00,4207301662,2050 1,2051 2,
3240001022504_160_00,4207301662,2050 1,2050 0,
3240001022504_180_00,354392225,2815 1,2975 0,
3240001022504_180_00,4207301662,2310 1,2054 2,
3240001022504_180_00,4207301662,2054 1,2313 2,
3240001022504_180_00,4207301662,2053 1,2312 1,
3240001022504_180_00,4207301662,2052 1,2311 1,
3240001022504_180_00,4207301662,2052 1,2313 2,
3240001022504_180_00,4207301662,2312 2,2053 2,
3240001022504_180_00,354392225,2815 2,2975 0,
3240001022504_180_00,4207301662,2311 1,2053 2,
3240001022504_180_00,4207301662,2313 2,2053 2,
3240001022504_180_00,4207301662,2311 1,2054 2,
3240001022504_180_00,4207301662,2313 2,2054 2,
3240001022504_180_00,4207301662,2054 1,2312 1,
3240001022504_180_00,4207301662,2311 1,2052 2,
3240001022504_180_00,4207301662,2054 1,2310 1,
3240001022504_180_00,354392225,2993 1,2975 0,
3240001022504_180_00,354392225,2994 1,2975 0,
3240001022504_180_00,4207301662,2312 2,2052 2,
3240001022504_180_00,4207301662,2314 2,2052 2,
3240001022504_180_00,4207301662,2053 1,2312 2,
3240001022504_180_00,4207301662,2052 1,2314 2,
3240001022504_180_00,4207301662,2310 1,2053 2,
3240001022504_180_00,4207301662,2054 1,2314 2,
3240001022504_180_00,354392225,2799 2,2975 0,
3240001022504_180_00,4207301662,2052 1,2312 2,
3240001022504_180_00,4207301662,2054 1,2311 1,
3240001022504_180_00,4207301662,2312 2,2054 2,
3240001022504_180_00,4207301662,2314 2,2054 2,
3240001022504_180_00,4207301662,2314 2,2053 2,
3240001022504_180_00,4207301662,2053 1,2311 1,
3240001022504_180_00,4207301662,2053 1,2313 2,
3240001022504_180_00,4207301662,2313 2,2052 2,
3240001022504_180_00,4207301662,2052 1,2312 1,
3240001022504_180_00,4207301662,2310 1,2052 2,
3240001022504_180_00,4207301662,2053 1,2314 2,
3240001022504_180_00,4207301662,2052 1,2310 1,
3240001022504_180_00,4207301662,2054 1,2312 2,
3240001022504_180_00,4207301662,2053 1,2310 1,
3240001022504_190_00,354392225,2790 1,2794 1,
3240001022504_190_00,354392225,2792 1,2794 1,
3240001022504_190_00,354392225,2791 3,2794 1,
3240001022504_190_00,354392225,2790 1,2795 1,
3240001022504_190_00,354392225,2792 1,2795 1,
3240001022504_190_00,354392225,2791 3,2795 1,
3240001022504_200_00,354392225,2793 1,2815 1,
3240001022504_200_00,354392225,2627 1,2793 1,
3240001022504_200_00,354392225,2793 1,2796 1,
3240001022504_200_00,354392225,2628 1,2793 1,
3240001022504_200_00,354392225,2626 1,2793 1,
3240001022504_200_00,354392225,2793 1,2797 1,
3240001022504_200_00,354392225,2625 4,2792 1,
3240001022504_200_00,354392225,2793 1,2815 2,
3240001022504_200_00,354392225,2625 4,2793 1,
3240001022504_200_00,354392225,2629 3,2793 1,
3240001022504_200_00,354392225,2794 1,2815 2,
3240001022504_200_00,354392225,2793 1,2799 2,
3240001022504_200_00,354392225,2627 1,2792 1,
3240001022504_200_00,354392225,2793 1,2798 1,
3240001022504_200_00,354392225,2628 1,2792 1,
3240001022504_200_00,354392225,2626 1,2792 1,
3240001022504_200_00,354392225,2793 1,2994 1,
3240001022504_200_00,354392225,2794 1,2799 2,
3240001022504_200_00,354392225,2629 3,2792 1,
3240001022504_200_00,354392225,2794 1,2994 1,
3240001022504_200_00,354392225,2794 1,2815 1,
3240001022504_200_00,354392225,2794 1,2798 1,
3240001022504_200_00,354392225,2794 1,2797 1,
3240001022504_200_00,354392225,2794 1,2796 1,
3240001022504_210_00,4207301662,2050 1,2054 1,
3240001022504_210_00,354392225,2795 1,2991 1,
3240001022504_210_00,354392225,2795 1,2992 1,
3240001022504_210_00,354392225,2797 1,2992 1,
3240001022504_210_00,354392225,2796 1,2993 1,
3240001022504_210_00,4207301662,2055 3,2050 0,
3240001022504_210_00,4207301662,2050 1,2053 1,
3240001022504_210_00,4207301662,2055 4,2051 2,
3240001022504_210_00,354392225,2798 1,2992 1,
3240001022504_210_00,4207301662,2051 1,2055 4,
3240001022504_210_00,4207301662,2054 2,2051 2,
3240001022504_210_00,4207301662,2054 2,2050 0,
3240001022504_210_00,4207301662,2312 1,2050 0,
3240001022504_210_00,4207301662,2053 2,2050 0,
3240001022504_210_00,4207301662,2055 3,2051 2,
3240001022504_210_00,4207301662,2055 4,2050 0,
3240001022504_210_00,354392225,2797 1,2991 1,
3240001022504_210_00,4207301662,2051 1,2053 1,
3240001022504_210_00,354392225,2798 1,2993 1,
3240001022504_210_00,354392225,2797 1,2990 1,
3240001022504_210_00,4207301662,2051 1,2053 2,
3240001022504_210_00,4207301662,2053 2,2051 2,
3240001022504_210_00,354392225,2798 1,2991 1,
3240001022504_210_00,4207301662,2050 1,2053 2,
3240001022504_210_00,4207301662,2050 1,2055 4,
3240001022504_210_00,354392225,2797 1,2993 1,
3240001022504_210_00,354392225,2796 1,2990 1,
3240001022504_210_00,354392225,2796 1,2991 1,
3240001022504_210_00,354392225,2796 1,2992 1,
3240001022504_210_00,4207301662,2312 1,2051 2,
3240001022504_210_00,4207301662,2050 1,2054 2,
3240001022504_210_00,354392225,2795 1,2990 1,
3240001022504_210_00,4207301662,2051 1,2054 2,
3240001022504_210_00,354392225,2798 1,2990 1,
3240001022504_210_00,354392225,2795 1,2993 1,
3240001022504_210_00,4207301662,2051 1,2054 1,
3240001022504_210_00,4207301662,2051 1,2055 3,
3240001022504_210_00,4207301662,2050 1,2055 3,
3240001022504_230_00,354392225,2816 2,2993 1,
3240001022504_230_00,354392225,2817 2,2990 1,
3240001022504_230_00,354392225,2817 2,2993 1,
3240001022504_230_00,354392225,2797 1,2816 2,
3240001022504_230_00,354392225,2797 1,2816 1,
3240001022504_230_00,354392225,2817 1,2991 1,
3240001022504_230_00,354392225,2795 1,2817 2,
3240001022504_230_00,354392225,2795 1,2816 1,
3240001022504_230_00,354392225,2797 1,2818 2,
3240001022504_230_00,354392225,2796 1,2819 2,
3240001022504_230_00,354392225,2819 2,2990 1,
3240001022504_230_00,354392225,2798 1,2817 2,
3240001022504_230_00,354392225,2798 1,2817 1,
3240001022504_230_00,354392225,2795 1,2819 2,
3240001022504_230_00,354392225,2795 1,2816 2,
3240001022504_230_00,354392225,2816 1,2991 1,
3240001022504_230_00,354392225,2816 1,2992 1,
3240001022504_230_00,354392225,2818 2,2993 1,
3240001022504_230_00,354392225,2818 1,2991 1,
3240001022504_230_00,354392225,2818 1,2992 1,
3240001022504_230_00,354392225,2798 1,2816 1,
3240001022504_230_00,354392225,2798 1,2818 2,
3240001022504_230_00,354392225,2796 1,2816 1,
3240001022504_230_00,354392225,2819 2,2992 1,
3240001022504_230_00,354392225,2816 2,2992 1,
3240001022504_230_00,354392225,2795 1,2818 1,
3240001022504_230_00,354392225,2817 1,2990 1,
3240001022504_230_00,354392225,2816 1,2990 1,
3240001022504_230_00,354392225,2818 2,2992 1,
3240001022504_230_00,354392225,2817 1,2993 1,
3240001022504_230_00,354392225,2818 1,2990 1,
3240001022504_230_00,354392225,2817 1,2992 1,
3240001022504_230_00,354392225,2796 1,2818 1,
3240001022504_230_00,354392225,2819 2,2993 1,
3240001022504_230_00,354392225,2817 2,2991 1,
3240001022504_230_00,354392225,2797 1,2818 1,
3240001022504_230_00,354392225,2819 2,2991 1,
3240001022504_230_00,354392225,2818 1,2993 1,
3240001022504_230_00,354392225,2798 1,2819 2,
3240001022504_230_00,354392225,2817 2,2992 1,
3240001022504_230_00,354392225,2795 1,2818 2,
3240001022504_230_00,354392225,2797 1,2817 1,
3240001022504_230_00,354392225,2818 2,2990 1,
3240001022504_230_00,354392225,2796 1,2818 2,
3240001022504_230_00,354392225,2796 1,2817 1,
3240001022504_230_00,354392225,2798 1,2816 2,
3240001022504_230_00,354392225,2816 2,2991 1,
3240001022504_230_00,354392225,2795 1,2817 1,
3240001022504_230_00,354392225,2816 1,2993 1,
3240001022504_230_00,354392225,2818 2,2991 1,
3240001022504_230_00,354392225,2798 1,2818 1,
3240001022504_230_00,354392225,2816 2,2990 1,
3240001022504_230_00,354392225,2797 1,2819 2,
3240001022504_230_00,354392225,2797 1,2817 2,
3240001022504_230_00,354392225,2796 1,2816 2,
3240001022504_230_00,354392225,2796 1,2817 2,
3240001022504_240_00,4207301662,2311 1,2050 0,
3240001022504_240_00,4207301662,2312 2,2051 2,
3240001022504_240_00,4207301662,2051 1,2310 1,
3240001022504_240_00,4207301662,2314 2,2051 2,
3240001022504_240_00,4207301662,2050 1,2311 1,
3240001022504_240_00,4207301662,2311 1,2051 2,
3240001022504_240_00,4207301662,2313 2,2051 2,
3240001022504_240_00,4207301662,2051 1,2311 1,
3240001022504_240_00,4207301662,2313 2,2050 0,
3240001022504_240_00,4207301662,2314 2,2050 0,
3240001022504_240_00,4207301662,2050 1,2313 2,
3240001022504_240_00,4207301662,2051 1,2312 1,
3240001022504_240_00,4207301662,2050 1,2312 2,
3240001022504_240_00,4207301662,2050 1,2312 1,
3240001022504_240_00,4207301662,2050 1,2314 2,
3240001022504_240_00,4207301662,2051 1,2313 2,
3240001022504_240_00,4207301662,2051 1,2314 2,
3240001022504_240_00,4207301662,2312 2,2050 0,
3240001022504_240_00,4207301662,2310 1,2050 0,
3240001022504_240_00,4207301662,2051 1,2312 2,
3240001022504_240_00,4207301662,2050 1,2310 1,
3240001022504_240_00,4207301662,2310 1,2051 2,
3240001022504_250_00,354392225,2628 1,2795 1,
3240001022504_250_00,354392225,2625 4,2794 1,
3240001022504_250_00,354392225,2791 3,2797 1,
3240001022504_250_00,354392225,2790 1,2796 1,
3240001022504_250_00,354392225,2792 1,2799 2,
3240001022504_250_00,354392225,2791 3,2994 1,
3240001022504_250_00,354392225,2791 3,2815 2,
3240001022504_250_00,354392225,2790 1,2797 1,
3240001022504_250_00,354392225,2629 3,2794 1,
3240001022504_250_00,354392225,2791 3,2799 2,
3240001022504_250_00,354392225,2797 1,2975 0,
3240001022504_250_00,354392225,2626 1,2795 1,
3240001022504_250_00,354392225,2792 1,2796 1,
3240001022504_250_00,354392225,2791 3,2798 1,
3240001022504_250_00,354392225,2795 1,2975 0,
3240001022504_250_00,354392225,2790 1,2994 1,
3240001022504_250_00,354392225,2626 1,2794 1,
3240001022504_250_00,354392225,2792 1,2994 1,
3240001022504_250_00,354392225,2627 1,2795 1,
3240001022504_250_00,354392225,2790 1,2798 1,
3240001022504_250_00,354392225,2629 3,2795 1,
3240001022504_250_00,354392225,2798 1,2975 0,
3240001022504_250_00,354392225,2627 1,2794 1,
3240001022504_250_00,354392225,2791 3,2815 1,
3240001022504_250_00,354392225,2790 1,2799 2,
3240001022504_250_00,354392225,2625 4,2795 1,
3240001022504_250_00,354392225,2796 1,2975 0,
3240001022504_250_00,354392225,2792 1,2798 1,
3240001022504_250_00,354392225,2792 1,2797 1,
3240001022504_250_00,354392225,2628 1,2794 1,
3240001022504_250_00,354392225,2790 1,2815 2,
3240001022504_250_00,354392225,2792 1,2815 2,
3240001022504_250_00,354392225,2792 1,2815 1,
3240001022504_250_00,354392225,2791 3,2796 1,
3240001022504_250_00,354392225,2790 1,2815 1,
3240001022504_260_00,354392225,2793 1,2990 1,
3240001022504_260_00,354392225,2794 1,2993 1,
3240001022504_260_00,354392225,2816 1,2975 0,
3240001022504_260_00,354392225,2794 1,2992 1,
3240001022504_260_00,354392225,2793 1,2992 1,
3240001022504_260_00,354392225,2793 1,2993 1,
3240001022504_260_00,354392225,2818 2,2975 0,
3240001022504_260_00,354392225,2793 1,2991 1,
3240001022504_260_00,354392225,2817 2,2975 0,
3240001022504_260_00,354392225,2794 1,2991 1,
3240001022504_260_00,354392225,2819 2,2975 0,
3240001022504_260_00,354392225,2816 2,2975 0,
3240001022504_260_00,354392225,2794 1,2990 1,
3240001022504_260_00,354392225,2818 1,2975 0,
3240001022504_260_00,354392225,2817 1,2975 0,
3240001022504_280_00,354392225,2793 1,2818 1,
3240001022504_280_00,354392225,2793 1,2817 2,
3240001022504_280_00,354392225,2793 1,2819 2,
3240001022504_280_00,354392225,2794 1,2819 2,
3240001022504_280_00,354392225,2794 1,2818 1,
3240001022504_280_00,354392225,2794 1,2816 2,
3240001022504_280_00,354392225,2793 1,2818 2,
3240001022504_280_00,354392225,2794 1,2818 2,
3240001022504_280_00,354392225,2793 1,2816 2,
3240001022504_280_00,354392225,2793 1,2816 1,
3240001022504_280_00,354392225,2793 1,2817 1,
3240001022504_280_00,354392225,2794 1,2817 2,
3240001022504_280_00,354392225,2794 1,2816 1,
3240001022504_280_00,354392225,2794 1,2817 1,
3240001022504_290_00,354392225,2793 1,2975 0,
3240001022504_290_00,354392225,2794 1,2975 0,
3240001022504_330_00,354392225,2791 3,2993 1,
3240001022504_330_00,354392225,2626 1,2799 2,
3240001022504_330_00,354392225,2625 4,2798 1,
3240001022504_330_00,354392225,2625 4,2796 1,
3240001022504_330_00,354392225,2626 1,2815 1,
3240001022504_330_00,354392225,2627 1,2796 1,
3240001022504_330_00,354392225,2628 1,2798 1,
3240001022504_330_00,354392225,2790 1,2990 1,
3240001022504_330_00,354392225,2790 1,2991 1,
3240001022504_330_00,354392225,2625 4,2797 1,
3240001022504_330_00,354392225,2626 1,2798 1,
3240001022504_330_00,354392225,2629 3,2797 1,
3240001022504_330_00,354392225,2629 3,2796 1,
3240001022504_330_00,354392225,2628 1,2815 2,
3240001022504_330_00,354392225,2628 1,2797 1,
3240001022504_330_00,354392225,2791 3,2992 1,
3240001022504_330_00,354392225,2626 1,2994 1,
3240001022504_330_00,354392225,2792 1,2990 1,
3240001022504_330_00,354392225,2628 1,2796 1,
3240001022504_330_00,354392225,2792 1,2991 1,
3240001022504_330_00,354392225,2792 1,2992 1,
3240001022504_330_00,354392225,2629 3,2994 1,
3240001022504_330_00,354392225,2629 3,2815 2,
3240001022504_330_00,354392225,2627 1,2798 1,
3240001022504_330_00,354392225,2625 4,2994 1,
3240001022504_330_00,354392225,2625 4,2815 2,
3240001022504_330_00,354392225,2626 1,2815 2,
3240001022504_330_00,354392225,2626 1,2797 1,
3240001022504_330_00,354392225,2626 1,2796 1,
3240001022504_330_00,354392225,2627 1,2799 2,
3240001022504_330_00,354392225,2791 3,2991 1,
3240001022504_330_00,354392225,2625 4,2815 1,
3240001022504_330_00,354392225,2627 1,2815 2,
3240001022504_330_00,354392225,2629 3,2798 1,
3240001022504_330_00,354392225,2627 1,2797 1,
3240001022504_330_00,354392225,2628 1,2815 1,
3240001022504_330_00,354392225,2629 3,2799 2,
3240001022504_330_00,354392225,2627 1,2994 1,
3240001022504_330_00,354392225,2628 1,2799 2,
3240001022504_330_00,354392225,2791 3,2990 1,
3240001022504_330_00,354392225,2792 1,2993 1,
3240001022504_330_00,354392225,2627 1,2815 1,
3240001022504_330_00,354392225,2628 1,2994 1,
3240001022504_330_00,354392225,2790 1,2993 1,
3240001022504_330_00,354392225,2629 3,2815 1,
3240001022504_330_00,354392225,2790 1,2992 1,
3240001022504_330_00,354392225,2625 4,2799 2,
3240001022504_340_00,354392225,2790 1,2819 2,
3240001022504_340_00,354392225,2790 1,2818 1,
3240001022504_340_00,354392225,2792 1,2819 2,
3240001022504_340_00,354392225,2791 3,2818 1,
3240001022504_340_00,354392225,2792 1,2816 2,
3240001022504_340_00,354392225,2791 3,2819 2,
3240001022504_340_00,354392225,2792 1,2818 2,
3240001022504_340_00,354392225,2790 1,2818 2,
3240001022504_340_00,354392225,2790 1,2817 1,
3240001022504_340_00,354392225,2792 1,2817 2,
3240001022504_340_00,354392225,2791 3,2816 1,
3240001022504_340_00,354392225,2791 3,2817 1,
3240001022504_340_00,354392225,2791 3,2818 2,
3240001022504_340_00,354392225,2790 1,2816 2,
3240001022504_340_00,354392225,2790 1,2817 2,
3240001022504_340_00,354392225,2792 1,2817 1,
3240001022504_340_00,354392225,2791 3,2817 2,
3240001022504_340_00,354392225,2792 1,2818 1,
3240001022504_340_00,354392225,2791 3,2816 2,
3240001022504_340_00,354392225,2790 1,2816 1,
3240001022504_340_00,354392225,2792 1,2816 1,
3240001022504_360_00,354392225,2790 1,2975 0,
3240001022504_360_00,354392225,2791 3,2975 0,
3240001022504_360_00,354392225,2792 1,2975 0,
3240001022504_390_00,354392225,2629 3,2992 1,
3240001022504_390_00,354392225,2626 1,2975 0,
3240001022504_390_00,354392225,2626 1,2992 1,
3240001022504_390_00,354392225,2627 1,2993 1,
3240001022504_390_00,354392225,2629 3,2975 0,
3240001022504_390_00,354392225,2625 4,2990 1,
3240001022504_390_00,354392225,2627 1,2975 0,
3240001022504_390_00,354392225,2627 1,2991 1,
3240001022504_390_00,354392225,2627 1,2992 1,
3240001022504_390_00,354392225,2625 4,2975 0,
3240001022504_390_00,354392225,2626 1,2993 1,
3240001022504_390_00,354392225,2628 1,2975 0,
3240001022504_390_00,354392225,2625 4,2991 1,
3240001022504_390_00,354392225,2628 1,2990 1,
3240001022504_390_00,354392225,2625 4,2993 1,
3240001022504_390_00,354392225,2629 3,2990 1,
3240001022504_390_00,354392225,2629 3,2991 1,
3240001022504_390_00,354392225,2628 1,2993 1,
3240001022504_390_00,354392225,2627 1,2990 1,
3240001022504_390_00,354392225,2628 1,2992 1,
3240001022504_390_00,354392225,2625 4,2992 1,
3240001022504_390_00,354392225,2629 3,2993 1,
3240001022504_390_00,354392225,2628 1,2991 1,
3240001022504_390_00,354392225,2626 1,2990 1,
3240001022504_390_00,354392225,2626 1,2991 1,
3240001022504_410_00,354392225,2629 3,2819 2,
3240001022504_410_00,354392225,2628 1,2817 1,
3240001022504_410_00,354392225,2626 1,2816 1,
3240001022504_410_00,354392225,2626 1,2818 2,
3240001022504_410_00,354392225,2627 1,2819 2,
3240001022504_410_00,354392225,2625 4,2818 2,
3240001022504_410_00,354392225,2626 1,2816 2,
3240001022504_410_00,354392225,2625 4,2816 2,
3240001022504_410_00,354392225,2629 3,2817 1,
3240001022504_410_00,354392225,2627 1,2817 1,
3240001022504_410_00,354392225,2628 1,2817 2,
3240001022504_410_00,354392225,2628 1,2816 1,
3240001022504_410_00,354392225,2626 1,2817 2,
3240001022504_410_00,354392225,2629 3,2816 2,
3240001022504_410_00,354392225,2628 1,2818 1,
3240001022504_410_00,354392225,2625 4,2818 1,
3240001022504_410_00,354392225,2627 1,2818 2,
3240001022504_410_00,354392225,2625 4,2819 2,
3240001022504_410_00,354392225,2625 4,2817 2,
3240001022504_410_00,354392225,2627 1,2816 2,
3240001022504_410_00,354392225,2628 1,2819 2,
3240001022504_410_00,354392225,2625 4,2817 1,
3240001022504_410_00,354392225,2629 3,2818 1,
3240001022504_410_00,354392225,2629 3,2817 2,
3240001022504_410_00,354392225,2627 1,2816 1,
3240001022504_410_00,354392225,2626 1,2818 1,
3240001022504_410_00,354392225,2627 1,2818 1,
3240001022504_410_00,354392225,2627 1,2817 2,
3240001022504_410_00,354392225,2628 1,2818 2,
3240001022504_410_00,354392225,2626 1,2817 1,
3240001022504_410_00,354392225,2629 3,2816 1,
3240001022504_410_00,354392225,2629 3,2818 2,
3240001022504_410_00,354392225,2628 1,2816 2,
3240001022504_410_00,354392225,2626 1,2819 2,
3240001022504_410_00,354392225,2625 4,2816 1,
