stop_id,stop_code,stop_name,stop_desc,stop_lat,stop_lon,zone_id,stop_url,location_type,parent_station,stop_timezone,wheelchair_boarding,platform_code
21890 2,,夢ヶ丘入口,,34.3121892,132.5568394,21890 2,,0,,,,
21900 2,,夢ヶ丘中,,34.3145289,132.557652,21900 2,,0,,,,
21910 2,,夢ヶ丘東,,34.3148105,132.5590354,21910 2,,0,,,,
21920 1,,東明ハイツ入口,,34.3125002,132.562124,21920 1,,0,,,,
21920 2,,東明ハイツ入口,,34.3126126,132.5622048,21920 2,,0,,,,
25190 1,,東明ハイツ,,34.3119693,132.5621022,25190 1,,0,,,,
25190 2,,東明ハイツ,,34.3124969,132.5623954,25190 2,,0,,,,
25200 1,,本庄,,34.3086045,132.561505,25200 1,,0,,,,
25200 2,,本庄,,34.3085002,132.5613624,25200 2,,0,,,,
25210 1,,泉ヶ丘団地,,34.306711,132.5599277,25210 1,,0,,,,
25210 2,,泉ヶ丘団地,,34.3064613,132.5594222,25210 2,,0,,,,
25220 1,,水源池前,,34.304761,132.559135,25220 1,,0,,,,
25220 2,,水源池前,,34.3046649,132.5589611,25220 2,,0,,,,
25230 1,,北原,,34.3006963,132.5573579,25230 1,,0,,,,
25230 2,,北原,,34.3009075,132.5569952,25230 2,,0,,,,
25239 1,,昭和市民センター前,,34.2960419,132.5578324,25239 1,,0,,,,
25239 2,,昭和市民センター前,,34.2961458,132.5577157,25239 2,,0,,,,
25240 1,,昭和市民センター,,34.2956487,132.5565009,25240 1,,0,,,,
25241 1,,昭和市民センター西,,34.2959779,132.555625,25241 1,,0,,,,
25370 2,,上條橋東,,34.299065475161008203836,132.5585194872421140464754,25370 2,,0,,,,
25380 2,,勤住橋,,34.297499033850076743649,132.5618192845634696017742,25380 2,,0,,,,
25380 3,,勤住橋,,34.297615667155979282533,132.5606527102568226269872,25380 3,,0,,,,
25390 1,,仲間ヶ原,,34.2955759,132.5611213,25390 1,,0,,,,
25390 2,,仲間ヶ原,,34.2957237,132.5611043,25390 2,,0,,,,
25390 3,,仲間ヶ原,,34.296149173697005989473,132.5615693681114745944710,25390 3,,0,,,,
25390 4,,仲間ヶ原,,34.296399128755093247392,132.5605027784721585944498,25390 4,,0,,,,
25440 1,,西畑,,34.2529675,132.5827643,25440 1,,0,,,,
25440 3,,西畑,,34.2530921,132.5826623,25440 3,,0,,,,
25480 1,,阿賀駅前,,34.2368175,132.6009381,25480 1,,0,,,,
25480 3,,阿賀駅前,,34.2361196,132.5997555,25480 3,,0,,,,
25480 4,,阿賀駅前,,34.2366379,132.6001857,25480 4,,0,,,,
25510 2,,先小倉,,34.2352837,132.6065741,25510 2,,0,,,,
25520 1,,広市民センター,,34.2329892,132.6153018,25520 1,,0,,,,
25520 2,,広市民センター,,34.23327,132.6152373,25520 2,,0,,,,
25520 3,,広市民センター,,34.232309,132.6156371,25520 3,,0,,,,
25520 4,,広市民センター,,34.2322767,132.6158192,25520 4,,0,,,,
25530 1,,広交叉点,広交叉点東,34.2306685,132.6236689,25530 1,,0,,,,
25530 2,,広交叉点,広交叉点東,34.2311153,132.6227896,25530 2,,0,,,,
25530 4,,広交叉点,広交叉点北,34.2317591,132.6223546,25530 4,,0,,,,
25530 5,,広交叉点,広交叉点南,34.2305595,132.6219979,25530 5,,0,,,,
25530 6,,広交叉点,広交叉点南,34.2307395,132.6221482,25530 6,,0,,,,
25540 1,,広駅前,,34.2292314,132.6283787,25540 1,,0,,,,
25540 2,,広駅前,,34.2291313,132.629214,25540 2,,0,,,,
25550 1,,東のりば,,34.226455,132.6375042,25550 1,,0,,,,
25550 2,,東のりば,,34.2262066,132.6387973,25550 2,,0,,,,
25550 3,,東のりば,,34.2262061,132.6387976,25550 3,,0,,,,
5440 11,,呉駅前,,34.24562119,132.5582553,5440 11,,0,,,,
5440 12,,呉駅前,,34.24558786,132.5586553,5440 12,,0,,,,
5440 2,,呉駅前,,34.2456524,132.5580036,5440 2,,0,,,,2
80006 1,,眼鏡橋,,34.2410463,132.5625865,80006 1,,0,,,,
80006 2,,眼鏡橋,,34.2411282,132.5629906,80006 2,,0,,,,
80007 1,,教育隊前,,34.2391735,132.5606757,80007 1,,0,,,,
80019 1,,鍋桟橋,,34.21140795,132.5449913,80019 1,,0,,,,
80019 2,,鍋桟橋,,34.21134129,132.545158,80019 2,,0,,,,
80020 1,,呉信警固屋支店前,,34.2102492,132.5455735,80020 1,,0,,,,
80020 2,,呉信警固屋支店前,,34.2098032,132.5454402,80020 2,,0,,,,
80021 1,,警固屋５丁目,,34.2073024,132.5445537,80021 1,,0,,,,
80021 2,,警固屋５丁目,,34.2076239,132.5447135,80021 2,,0,,,,
80022 1,,警固屋ドック前,,34.20570854,132.5441083,80022 1,,0,,,,
80022 2,,警固屋ドック前,,34.2057741,132.5442961,80022 2,,0,,,,
80023 1,,警固屋市民センター,,34.202139,132.5411267,80023 1,,0,,,,
80023 2,,警固屋市民センター,,34.2016378,132.5411513,80023 2,,0,,,,
80024 1,,警固屋中学校,,34.2001524,132.5409503,80024 1,,0,,,,
80024 2,,警固屋中学校,,34.1997157,132.5409867,80024 2,,0,,,,
80025 1,,音戸渡船口,,34.196485,132.5391608,80025 1,,0,,,,
80025 2,,音戸渡船口,,34.1969094,132.5395487,80025 2,,0,,,,
80026 1,,清盛塚,,34.1941419,132.5362544,80026 1,,0,,,,
80026 2,,清盛塚,,34.1937429,132.5355301,80026 2,,0,,,,
80027 1,,音戸桟橋,,34.1915276,132.5331116,80027 1,,0,,,,
80027 2,,音戸桟橋,,34.1923921,132.5335868,80027 2,,0,,,,
80028 1,,音戸市民センター,,34.1892434,132.5334209,80028 1,,0,,,,
80028 2,,音戸市民センター,,34.1890935,132.5336507,80028 2,,0,,,,
80028 3,,音戸市民センター,,34.187660303108867366714,132.5343766219830598705814,80028 3,,0,,,,
80029 1,,高須,,34.1872337,132.5372736,80029 1,,0,,,,
80029 2,,高須,,34.1873337,132.5372818,80029 2,,0,,,,
80030 1,,御所の浦,,34.18741044,132.5404261,80030 1,,0,,,,
80030 2,,御所の浦,,34.1874982,132.5403926,80030 2,,0,,,,
80031 1,,双見,,34.1882982,132.5453745,80031 1,,0,,,,
80031 2,,双見,,34.1883205,132.5452667,80031 2,,0,,,,
80032 1,,外双見,,34.1867838,132.5475895,80032 1,,0,,,,
80032 2,,外双見,,34.1870838,132.547583,80032 2,,0,,,,
80033 1,,竹田浜,,34.1842653,132.5496327,80033 1,,0,,,,
80033 2,,竹田浜,,34.1846696,132.5499861,80033 2,,0,,,,
80034 1,,水産海洋技術センター入口,,34.18144458,132.5501089,80034 1,,0,,,,
80034 2,,水産海洋技術センター入口,,34.1814189,132.5502156,80034 2,,0,,,,
80035 1,,波多見,,34.1776793,132.5483433,80035 1,,0,,,,
80035 2,,波多見,,34.1773317,132.5483489,80035 2,,0,,,,
80036 1,,田之浦,,34.1756385,132.5444575,80036 1,,0,,,,
80036 2,,田之浦,,34.1746828,132.5429273,80036 2,,0,,,,
80037 1,,請石,,34.1709655,132.5408948,80037 1,,0,,,,
80037 2,,請石,,34.1710633,132.5409257,80037 2,,0,,,,
80038 1,,赤崎,,34.1642161,132.5335027,80038 1,,0,,,,
80038 2,,赤崎,,34.1645238,132.5331326,80038 2,,0,,,,
80039 1,,あかさき東,,34.1626974,132.5341462,80039 1,,0,,,,
80039 2,,あかさき東,,34.1626218,132.5340527,80039 2,,0,,,,
80040 1,,有清東,,34.1608064,132.5245015,80040 1,,0,,,,
80040 2,,有清東,,34.1607241,132.524498,80040 2,,0,,,,
80041 1,,奥の内,,34.1590064,132.5222787,80041 1,,0,,,,
80041 2,,奥の内,,34.1587255,132.5221924,80041 2,,0,,,,
80042 1,,先奥,,34.1553334,132.5202852,80042 1,,0,,,,
80042 2,,先奥,,34.15488022,132.519846,80042 2,,0,,,,
80043 1,,明徳中学校,,34.1501794,132.5135745,80043 1,,0,,,,
80043 2,,明徳中学校,,34.1501063,132.5136885,80043 2,,0,,,,
80044 1,,藤の脇,,34.1475297,132.5102949,80044 1,,0,,,,
80044 2,,藤の脇,,34.147482,132.5105184,80044 2,,0,,,,
80045 1,,釣士田郵便局前,,34.1447865,132.5095914,80045 1,,0,,,,
80045 2,,釣士田郵便局前,,34.1447578,132.5096645,80045 2,,0,,,,
80046 1,,釣士田造船所前,,34.1408707,132.5088075,80046 1,,0,,,,
80046 2,,釣士田造船所前,,34.140896,132.509079,80046 2,,0,,,,
80047 1,,釣士田南,,34.1388007,132.507416,80047 1,,0,,,,
80047 2,,釣士田南,,34.1372586,132.5071208,80047 2,,0,,,,
80048 1,,宇和木新開,,34.1317159,132.5030693,80048 1,,0,,,,
80048 2,,宇和木新開,,34.1308481,132.5030673,80048 2,,0,,,,
80049 1,,大白明橋,,34.1300215,132.5017131,80049 1,,0,,,,
80049 2,,大白明橋,,34.1299837,132.5020213,80049 2,,0,,,,
80050 1,,宇和木,,34.1280206,132.5002822,80050 1,,0,,,,
80050 2,,宇和木,,34.1276994,132.5003052,80050 2,,0,,,,
80053 1,,倉橋本浦,,34.1043776,132.5049947,80053 1,,0,,,,
80053 2,,倉橋本浦,,34.104442,132.5049179,80053 2,,0,,,,
80054 1,,本浦,,34.1039688,132.506711,80054 1,,0,,,,
80054 2,,本浦,,34.1040543,132.5066855,80054 2,,0,,,,
80055 1,,才の木,,34.1033434,132.5094921,80055 1,,0,,,,
80055 2,,才の木,,34.1032267,132.5098832,80055 2,,0,,,,
80056 1,,桂浜･温泉館,,34.1018691,132.5120588,80056 1,,0,,,,
80056 2,,桂浜･温泉館,,34.101835758523153978555,132.5119824333802867998542,80056 2,,0,,,,
80063 1,,音戸,,34.1962253,132.5368773,80063 1,,0,,,,
80063 2,,音戸,,34.1962226,132.5369452,80063 2,,0,,,,
80064 1,,三軒鼻,,34.1995579,132.5378178,80064 1,,0,,,,
80064 2,,三軒鼻,,34.1995328,132.5377294,80064 2,,0,,,,
80065 1,,坪井東,,34.1993441,132.5350964,80065 1,,0,,,,
80066 1,,坪井,,34.1981366,132.5319165,80066 1,,0,,,,
80066 2,,坪井,,34.1982824,132.5327968,80066 2,,0,,,,
80067 1,,日付,,34.1988446,132.528163,80067 1,,0,,,,
80067 2,,日付,,34.1987222,132.5282126,80067 2,,0,,,,
80068 1,,美化センター,,34.19595,132.52352,80068 1,,0,,,,
80068 2,,美化センター,,34.19608,132.52384,80068 2,,0,,,,
80069 1,,下光友,,34.1921566,132.5197173,80069 1,,0,,,,
80069 2,,下光友,,34.1922584,132.5197596,80069 2,,0,,,,
80070 1,,渡子,,34.1899137,132.5171604,80070 1,,0,,,,
80070 2,,渡子,,34.1898835,132.5173017,80070 2,,0,,,,
80071 1,,前の浜,,34.1885043,132.5123038,80071 1,,0,,,,
80071 2,,前の浜,,34.1883864,132.5125772,80071 2,,0,,,,
80072 1,,雇用促進住宅渡子前,,34.1861895,132.5056745,80072 1,,0,,,,
80072 2,,雇用促進住宅渡子前,,34.1863719,132.5061265,80072 2,,0,,,,
80073 1,,後口,,34.180832,132.5006873,80073 1,,0,,,,
80073 2,,後口,,34.1806836,132.5007538,80073 2,,0,,,,
80074 1,,田原桟橋,,34.1769485,132.4993963,80074 1,,0,,,,
80074 2,,田原桟橋,,34.1768938,132.4994856,80074 2,,0,,,,
80075 1,,五反田,,34.1744749,132.4991427,80075 1,,0,,,,
80075 2,,五反田,,34.1746688,132.4991698,80075 2,,0,,,,
80076 1,,田原,,34.1729533,132.4990557,80076 1,,0,,,,
80076 2,,田原,,34.1727547,132.4990929,80076 2,,0,,,,
80077 1,,コドウラ,,34.1707115,132.4974139,80077 1,,0,,,,
80077 2,,コドウラ,,34.1702397,132.4971214,80077 2,,0,,,,
80078 1,,流田,,34.164998,132.4942259,80078 1,,0,,,,
80078 2,,流田,,34.1640781,132.4942313,80078 2,,0,,,,
80079 1,,早瀬大橋北,,34.1579172,132.493648,80079 1,,0,,,,
80079 2,,早瀬大橋北,,34.1582923,132.493803,80079 2,,0,,,,
80080 1,,早瀬大橋,,34.1564741,132.493474,80080 1,,0,,,,
80080 2,,早瀬大橋,,34.1564769,132.4935563,80080 2,,0,,,,
80080 3,,早瀬大橋,,34.1566974,132.4936197,80080 3,,0,,,,
80081 1,,早瀬桟橋前,,34.1525257,132.4945196,80081 1,,0,,,,
80081 2,,早瀬桟橋前,,34.1531794,132.4939188,80081 2,,0,,,,
80082 1,,南浜,,34.15169,132.4952071,80082 1,,0,,,,
80082 2,,南浜,,34.1515754,132.4953162,80082 2,,0,,,,
80083 1,,鳥ヶ首,,34.1488664,132.4956341,80083 1,,0,,,,
80083 2,,鳥ヶ首,,34.149387,132.4956519,80083 2,,0,,,,
80084 1,,鯉の浦,,34.147375,132.4983849,80084 1,,0,,,,
80084 2,,鯉の浦,,34.1474142,132.4979467,80084 2,,0,,,,
80085 1,,藤の脇桟橋,,34.14743,132.5042682,80085 1,,0,,,,
80085 2,,藤の脇桟橋,,34.1474603,132.5042018,80085 2,,0,,,,
80086 3,,藤の脇,,34.1464574,132.5064402,80086 3,,0,,,,
80087 1,,音戸の瀬戸,,34.1940208,132.5381812,80087 1,,0,,,,
80087 2,,音戸の瀬戸,,34.1940886,132.53822,80087 2,,0,,,,
80088 1,,県営警固屋アパート前,,34.1944279,132.5436685,80088 1,,0,,,,
80088 2,,県営警固屋アパート前,,34.194291,132.5438562,80088 2,,0,,,,
80089 1,,警固屋９丁目西,,34.1949342,132.5463537,80089 1,,0,,,,
80089 2,,警固屋９丁目西,,34.1949986,132.5462592,80089 2,,0,,,,
80090 1,,警固屋９丁目,,34.1953521,132.550713,80090 1,,0,,,,
80090 2,,警固屋９丁目,,34.1953266,132.5508574,80090 2,,0,,,,
80091 1,,見晴口,,34.1965586,132.5546822,80091 1,,0,,,,
80091 2,,見晴口,,34.1965562,132.5545537,80091 2,,0,,,,
80092 1,,長郷,,34.198994,132.5618979,80092 1,,0,,,,
80092 2,,長郷,,34.1991862,132.5621183,80092 2,,0,,,,
80093 1,,火山峠,,34.199314,132.5647428,80093 1,,0,,,,
80093 2,,火山峠,,34.1993629,132.5647339,80093 2,,0,,,,
80094 1,,冠崎西,,34.2009861,132.5657698,80094 1,,0,,,,
80094 2,,冠崎西,,34.201045,132.56572,80094 2,,0,,,,
80095 1,,冠崎,,34.1998119,132.5676218,80095 1,,0,,,,
80095 2,,冠崎,,34.200395,132.56704,80095 2,,0,,,,
80096 1,,大冠中学校前,,34.2037049,132.5739586,80096 1,,0,,,,
80096 2,,大冠中学校前,,34.2038726,132.5741653,80096 2,,0,,,,
80097 1,,大入,,34.2075984,132.5784698,80097 1,,0,,,,
80097 2,,大入,,34.2080628,132.5788372,80097 2,,0,,,,
80098 1,,浜田,,34.2096549,132.5812669,80098 1,,0,,,,
80098 2,,浜田,,34.2097916,132.5814076,80098 2,,0,,,,
80099 1,,大崎,,34.2116604,132.5840814,80099 1,,0,,,,
80099 2,,大崎,,34.211693,132.5840476,80099 2,,0,,,,
80100 1,,灘,,34.2210988,132.5904571,80100 1,,0,,,,
80100 2,,灘,,34.2211387,132.5904135,80100 2,,0,,,,
80101 1,,東灘,,34.2226825,132.5912764,80101 1,,0,,,,
80101 2,,東灘,,34.2227391,132.5912319,80101 2,,0,,,,
80102 1,,塩谷,,34.22724044,132.5935199,80102 1,,0,,,,
80102 2,,塩谷,,34.22739042,132.5935365,80102 2,,0,,,,
80103 1,,塩谷住宅,,34.2290503,132.5939232,80103 1,,0,,,,
80103 2,,塩谷住宅,,34.2291086,132.5940134,80103 2,,0,,,,
80104 1,,阿賀港,,34.2309888,132.5954696,80104 1,,0,,,,
80104 2,,阿賀港,,34.2301879,132.5954359,80104 2,,0,,,,
80105 1,,延崎,,34.2322831,132.5957108,80105 1,,0,,,,
80105 2,,延崎,,34.2327375,132.595595,80105 2,,0,,,,
80106 1,,阿賀小学校,,34.2335038,132.5988715,80106 1,,0,,,,
80107 1,,西町,,34.2355529,132.5958244,80107 1,,0,,,,
80107 2,,西町,,34.2353667,132.5956662,80107 2,,0,,,,
80108 1,,東町,,34.2375943,132.5968266,80108 1,,0,,,,
80108 2,,東町,,34.23785,132.5969203,80108 2,,0,,,,
80110 1,,音戸大橋上,,34.1966844,132.5434767,80110 1,,0,,,,
80110 2,,音戸大橋上,,34.196785,132.5434696,80110 2,,0,,,,
80111 1,,みはらし荘,,34.1971827,132.5448209,80111 1,,0,,,,
80111 2,,みはらし荘,,34.1973794,132.544651,80111 2,,0,,,,
80112 1,,見晴町,,34.1978194,132.546895,80112 1,,0,,,,
80140 1,,中通１丁目,,34.2427049,132.5628433,80140 1,,0,,,,
80140 2,,中通１丁目,,34.2428499,132.5630573,80140 2,,0,,,,
80141 1,,四道路,,34.2437469,132.5655308,80141 1,,0,,,,1
80141 2,,四道路,,34.2438149,132.5652122,80141 2,,0,,,,2
80142 1,,本通３丁目,,34.2451592,132.5669696,80142 1,,0,,,,1
80142 2,,本通３丁目,,34.2459031,132.5673829,80142 2,,0,,,,2
80143 1,,本通４丁目,,34.2470616,132.5689314,80143 1,,0,,,,
80143 2,,本通４丁目,,34.2472201,132.5686799,80143 2,,0,,,,
80144 1,,本通５丁目,,34.24885442,132.5721207,80144 1,,0,,,,
80144 2,,本通５丁目,,34.2487955,132.5713528,80144 2,,0,,,,
80145 1,,本通６丁目,,34.2495584,132.5740371,80145 1,,0,,,,
80145 2,,本通６丁目,,34.249914,132.5742614,80145 2,,0,,,,
80146 1,,本通７丁目,,34.250422,132.5762576,80146 1,,0,,,,
80146 2,,本通７丁目,,34.250735,132.5765613,80146 2,,0,,,,
80147 1,,本通８丁目,,34.2509411,132.5792252,80147 1,,0,,,,
80147 2,,本通８丁目,,34.2511437,132.5795569,80147 2,,0,,,,
80156 2,,阿賀海岸通,,34.2383136,132.5982122,80156 2,,0,,,,
80156 3,,阿賀海岸通,,34.2379712,132.5981145,80156 3,,0,,,,
80160 2,,広大橋,,34.2343317,132.6103403,80160 2,,0,,,,
80161 1,,新広駅,,34.2328449,132.614754,80161 1,,0,,,,
80161 2,,新広駅,,34.2326257,132.6143087,80161 2,,0,,,,
80163 1,,二級橋,,34.2321651,132.6185099,80163 1,,0,,,,
80163 2,,二級橋,,34.2327146,132.61763,80163 2,,0,,,,
80165 1,,オークアリーナ入口,,34.2298479,132.6263447,80165 1,,0,,,,
80165 2,,オークアリーナ入口,,34.2302168,132.6256468,80165 2,,0,,,,
80167 1,,白岳入口,,34.2275522,132.6339116,80167 1,,0,,,,
80167 2,,白岳入口,,34.2273189,132.6351441,80167 2,,0,,,,
80169 1,,白石,,34.2254016,132.6411809,80169 1,,0,,,,
80169 2,,白石,,34.2255663,132.6409443,80169 2,,0,,,,
80169 3,,白石,,34.22597473,132.6404994,80169 3,,0,,,,
80169 4,,白石,,34.225924733126317562086,132.6406327020774662436442,80169 4,,0,,,,
80170 1,,西神町,,34.2247909,132.6503101,80170 1,,0,,,,
80170 2,,西神町,,34.2246862,132.6510813,80170 2,,0,,,,
80171 1,,汐込川,,34.2234631,132.6548385,80171 1,,0,,,,
80171 2,,汐込川,,34.223602,132.6547031,80171 2,,0,,,,
80172 1,,仁方駅前,,34.2224831,132.6565604,80172 1,,0,,,,
80172 2,,仁方駅前,,34.222069,132.6568998,80172 2,,0,,,,
80173 1,,大東踏切前,,34.2211111,132.6575623,80173 1,,0,,,,
80173 2,,大東踏切前,,34.2209212,132.6578355,80173 2,,0,,,,
80174 1,,大東,,34.2196136,132.6617358,80174 1,,0,,,,
80174 2,,大東,,34.2196003,132.6611516,80174 2,,0,,,,
80175 1,,大歳町,,34.2203624,132.6650434,80175 1,,0,,,,
80175 2,,大歳町,,34.2205702,132.6642605,80175 2,,0,,,,
80176 1,,戸浜西,,34.217393,132.6717857,80176 1,,0,,,,
80176 2,,戸浜西,,34.2178751,132.6715435,80176 2,,0,,,,
80177 1,,戸浜,,34.2150032,132.6740031,80177 1,,0,,,,
80177 2,,戸浜,,34.2151232,132.6744143,80177 2,,0,,,,
80178 1,,小仁方,,34.2158977,132.6774624,80178 1,,0,,,,
80178 2,,小仁方,,34.2160454,132.6773613,80178 2,,0,,,,
80179 1,,丸岩口,,34.2189584,132.6834466,80179 1,,0,,,,
80179 2,,丸岩口,,34.2199428,132.6835605,80179 2,,0,,,,
80180 1,,岩戸,,34.222397,132.6846875,80180 1,,0,,,,
80180 2,,岩戸,,34.222606,132.6847879,80180 2,,0,,,,
80181 1,,えびさき,,34.2246645,132.6889933,80181 1,,0,,,,
80181 2,,えびさき,,34.2241169,132.687726,80181 2,,0,,,,
80182 1,,新宮神社前,,34.2295229,132.6910255,80182 1,,0,,,,
80182 2,,新宮神社前,,34.2294566,132.6908797,80182 2,,0,,,,
80183 1,,川尻駅,,34.2344937,132.6949905,80183 1,,0,,,,
80183 2,,川尻駅,,34.2335238,132.6931123,80183 2,,0,,,,
80184 1,,清水町,,34.2361447,132.6970227,80184 1,,0,,,,
80184 2,,清水町,,34.2364835,132.6973434,80184 2,,0,,,,
80185 1,,川尻月の浦,,34.2383446,132.7015372,80185 1,,0,,,,
80185 2,,川尻月の浦,,34.2378512,132.7002707,80185 2,,0,,,,
80185 3,,月の浦,,34.237757857588804183910,132.701143798644909498669,80185 3,,0,,,,
80186 1,,小用入口,,34.2399221,132.7123302,80186 1,,0,,,,
80186 2,,小用入口,,34.2403522,132.7127883,80186 2,,0,,,,
80189 1,,新開橋,,34.2167462,132.6560021,80189 1,,0,,,,
80189 2,,新開橋,,34.2164427,132.6562391,80189 2,,0,,,,
80190 1,,皆実町,,34.213535,132.6575063,80190 1,,0,,,,
80190 2,,皆実町,,34.2135749,132.6575978,80190 2,,0,,,,
80191 1,,皆実公園前,,34.211813,132.6586465,80191 1,,0,,,,
80191 2,,皆実公園前,,34.2117448,132.6587769,80191 2,,0,,,,
80192 1,,小須磨,,34.2065213,132.6524733,80192 1,,0,,,,
80192 2,,小須磨,,34.2065218,132.6524226,80192 2,,0,,,,
80193 1,,三条３丁目,,34.2484964,132.5549453,80193 1,,0,,,,
80193 2,,三条３丁目,,34.2490842,132.5547683,80193 2,,0,,,,
80213 1,,王子マテリア前,,34.2266193,132.622324,80213 1,,0,,,,
80213 2,,王子マテリア前,,34.2266369,132.6224924,80213 2,,0,,,,
80214 1,,末広２丁目,,34.2226616,132.6218139,80214 1,,0,,,,
80214 2,,末広２丁目,,34.2235127,132.6222491,80214 2,,0,,,,
80215 1,,津久茂,,34.2197684,132.6208082,80215 1,,0,,,,
80215 2,,津久茂,,34.2194961,132.6207532,80215 2,,0,,,,
80216 1,,長浜桟橋,,34.2136957,132.6212718,80216 1,,0,,,,
80216 2,,長浜桟橋,,34.2139469,132.6213226,80216 2,,0,,,,
80217 1,,広南小学校,,34.2119904,132.6258679,80217 1,,0,,,,
80217 2,,広南小学校,,34.211838,132.6262621,80217 2,,0,,,,
80218 1,,造船所前,,34.2099189,132.6272601,80218 1,,0,,,,
80218 2,,造船所前,,34.2098979,132.6273227,80218 2,,0,,,,
80219 1,,下小坪,,34.2075676,132.6329614,80219 1,,0,,,,
80219 2,,下小坪,,34.2077276,132.6329812,80219 2,,0,,,,
80220 1,,こつぼふれあい広場,,34.2081789,132.6346198,80220 1,,0,,,,
80220 2,,こつぼふれあい広場,,34.2083216,132.6344472,80220 2,,0,,,,
80221 1,,小坪,,34.2059568,132.6362552,80221 1,,0,,,,
80221 2,,小坪,,34.2060124,132.6362986,80221 2,,0,,,,
80222 1,,東小坪,,34.2046426,132.6375636,80222 1,,0,,,,
80222 2,,東小坪,,34.2043025,132.6377308,80222 2,,0,,,,
80230 2,,大新開,,34.233774,132.6231863,80230 2,,0,,,,
80231 2,,広商店街,,34.2357676,132.6240055,80231 2,,0,,,,
80232 2,,北大新開,,34.2376963,132.6248041,80232 2,,0,,,,
80233 2,,中新開,,34.2413462,132.6264461,80233 2,,0,,,,
80234 2,,弁天橋,,34.2442233,132.6280836,80234 2,,0,,,,
80235 2,,塩焼,,34.2491172,132.6295529,80235 2,,0,,,,
80303 1,,上山手橋,,34.2555847,132.5608309,80303 1,,0,,,,
80303 2,,上山手橋,,34.2557403,132.5606441,80303 2,,0,,,,
80307 2,,松ヶ丘団地,,34.2788303,132.5507338,80307 2,,0,,,,
80308 3,,野間園前,,34.279817376693316371291,132.5495044554346661938532,80308 3,,0,,,,
80309 2,,桜ヶ丘団地,,34.2846721,132.5510908,80309 2,,0,,,,
80310 3,,政畝団地入口,,34.287316647467466567656,132.5536704306721710278132,80310 3,,0,,,,
80310 4,,政畝団地入口,,34.287399956448533153545,132.5527871667713287510664,80310 4,,0,,,,
80313 2,,宮ヶ迫団地入口,,34.296288,132.5545461,80313 2,,0,,,,
80329 1,,焼山下呉地,,34.2930119,132.5642776,80329 1,,0,,,,
80329 2,,焼山下呉地,,34.2932573,132.5643748,80329 2,,0,,,,
80330 1,,第３団地入口,,34.2909444,132.5662681,80330 1,,0,,,,
80330 2,,第３団地入口,,34.2911031,132.5662148,80330 2,,0,,,,
80331 1,,南ハイツ入口,,34.2894038,132.5681039,80331 1,,0,,,,
80331 2,,南ハイツ入口,,34.2894888,132.5681831,80331 2,,0,,,,
80337 1,,苗代,,34.2913969,132.5868887,80337 1,,0,,,,
80337 2,,苗代,,34.2920935,132.5872004,80337 2,,0,,,,
80338 1,,苗代西条,,34.2972694,132.5843518,80338 1,,0,,,,
80338 2,,苗代西条,,34.2974556,132.5842411,80338 2,,0,,,,
80339 2,,苗代下条,,34.3016535,132.5863181,80339 2,,0,,,,
80354 1,,昭和中学校前,,34.2889178,132.5659778,80354 1,,0,,,,
80354 2,,昭和中学校前,,34.2888056,132.5663718,80354 2,,0,,,,
80354 3,,昭和中学校前,,34.2881858,132.5643217,80354 3,,0,,,,
80354 4,,昭和中学校前,,34.2882105,132.5644053,80354 4,,0,,,,
80355 1,,三石,,34.2839045,132.5661706,80355 1,,0,,,,
80355 2,,三石,,34.2839512,132.5661203,80355 2,,0,,,,
80356 1,,洗川,,34.2810687,132.5695114,80356 1,,0,,,,
80356 2,,洗川,,34.28106759,132.5695527,80356 2,,0,,,,
80357 1,,神山,,34.2782905,132.5722834,80357 1,,0,,,,
80357 2,,神山,,34.2782939,132.5723199,80357 2,,0,,,,
80358 1,,神山峠,,34.2744153,132.5760608,80358 1,,0,,,,
80358 2,,神山峠,,34.2736108,132.5770446,80358 2,,0,,,,
80358 3,,神山峠,,34.2743795,132.5759876,80358 3,,0,,,,
80358 4,,神山峠,,34.2736363,132.5769864,80358 4,,0,,,,
80359 1,,平原水源池前,,34.2552212,132.5803097,80359 1,,0,,,,
80359 2,,平原水源池前,,34.2552422,132.5802419,80359 2,,0,,,,
80360 1,,上平原町,,34.255534,132.5825144,80360 1,,0,,,,
80360 2,,上平原町,,34.255505,132.582463,80360 2,,0,,,,
80361 1,,望地,,34.2593969,132.5827615,80361 1,,0,,,,
80361 2,,望地,,34.2594658,132.5827088,80361 2,,0,,,,
80362 1,,西谷,,34.2603779,132.581681,80362 1,,0,,,,
80362 2,,西谷,,34.2609552,132.5818144,80362 2,,0,,,,
80363 1,,涼ミ岩,,34.2620109,132.5783977,80363 1,,0,,,,
80363 2,,涼ミ岩,,34.2619553,132.5783898,80363 2,,0,,,,
80364 1,,惣付,,34.2644452,132.5800446,80364 1,,0,,,,
80364 2,,惣付,,34.2644867,132.5800221,80364 2,,0,,,,
80365 1,,中惣付,,34.266281,132.5803491,80365 1,,0,,,,
80365 2,,中惣付,,34.2662835,132.5802954,80365 2,,0,,,,
80366 1,,東惣付,,34.2710205,132.5789199,80366 1,,0,,,,
80366 2,,東惣付,,34.2709746,132.5789077,80366 2,,0,,,,
80367 1,,小菅,,34.2777837,132.580926,80367 1,,0,,,,
80367 2,,小菅,,34.2778282,132.5808742,80367 2,,0,,,,
80368 1,,柳迫灰ヶ峰登山口,,34.2819159,132.5846482,80368 1,,0,,,,
80368 2,,柳迫灰ヶ峰登山口,,34.2820821,132.5845858,80368 2,,0,,,,
80369 1,,栃原,,34.28530077,132.5863845,80369 1,,0,,,,
80369 2,,栃原,,34.2853764,132.5863466,80369 2,,0,,,,
80370 1,,東谷,,34.2881839,132.5886968,80370 1,,0,,,,
80370 2,,東谷,,34.288174,132.5886225,80370 2,,0,,,,
80407 2,,昭和北小学校前,,34.3046221,132.5541536,80407 2,,0,,,,
80408 2,,本庄ハイツ入口,,34.30319832,132.5557195,80408 2,,0,,,,
80443 1,,呉郵便局前,,34.2466723,132.5596185,80443 1,,0,,,,
80443 2,,呉郵便局前,,34.2474889,132.5600072,80443 2,,0,,,,
80446 3,,中央３丁目,,34.2465469,132.5632249,80446 3,,0,,,,
80446 4,,中央３丁目,,34.2472456,132.563591,80446 4,,0,,,,
80447 1,,中通３丁目,,34.245128,132.5642932,80447 1,,0,,,,
80447 2,,中通３丁目,,34.24482139,132.5650048,80447 2,,0,,,,
80450 1,,呉市役所前,,34.2481901,132.5657872,80450 1,,0,,,,
80450 2,,呉市役所前,,34.2483778,132.5656352,80450 2,,0,,,,
80452 1,,明神橋,,34.2511876,132.5700457,80452 1,,0,,,,1
80452 2,,明神橋,,34.2515308,132.5696665,80452 2,,0,,,,2
80462 2,,東片山町,,34.2525796,132.5660539,80462 2,,0,,,,
80463 1,,三条４丁目,,34.2495453,132.5555042,80463 1,,0,,,,
80463 2,,三条４丁目,,34.2496331,132.5553787,80463 2,,0,,,,
80464 1,,三津田橋,,34.249996,132.5566142,80464 1,,0,,,,
80464 2,,三津田橋,,34.250123,132.5566786,80464 2,,0,,,,
80465 1,,大平橋,,34.2510684,132.5589379,80465 1,,0,,,,
80465 2,,大平橋,,34.2512328,132.5588841,80465 2,,0,,,,
80466 1,,山手橋,,34.2531849,132.5598583,80466 1,,0,,,,
80466 2,,山手橋,,34.2531316,132.559691,80466 2,,0,,,,
80467 1,,プール前,,34.2551384,132.5625488,80467 1,,0,,,,
80467 2,,プール前,,34.2547869,132.5633244,80467 2,,0,,,,
80468 1,,西片山町,,34.2536818,132.5645721,80468 1,,0,,,,
80468 2,,西片山町,,34.2537461,132.5646973,80468 2,,0,,,,
80469 1,,中央７丁目,,34.2523451,132.5678023,80469 1,,0,,,,
80469 2,,中央７丁目,,34.252534,132.5680005,80469 2,,0,,,,
80470 2,,東中央２丁目,,34.2511875,132.5710448,80470 2,,0,,,,
80471 1,,呉医師会病院,,34.2512197,132.5744685,80471 1,,0,,,,
80471 2,,呉医師会病院,,34.2513042,132.574537,80471 2,,0,,,,
80477 1,,中央桟橋,,34.24088833,132.556389,80477 1,,0,,,,
80481 1,,呉共済病院,,34.2490397,132.5587614,80481 1,,0,,,,
80481 2,,呉共済病院,,34.2492741,132.55874,80481 2,,0,,,,
80483 1,,済生会呉病院北,,34.247627,132.5548468,80483 1,,0,,,,
80484 1,,済生会呉病院,,34.2460612,132.5532624,80484 1,,0,,,,
80484 2,,済生会呉病院,,34.2460488,132.5531021,80484 2,,0,,,,
80485 1,,かもめ公園,,34.2443296,132.5515088,80485 1,,0,,,,
80485 2,,かもめ公園,,34.2441924,132.5512242,80485 2,,0,,,,
80486 1,,大和ミュージアム・ゆめタウン前,,34.2417711,132.5560392,80486 1,,0,,,,
80486 2,,大和ミュージアム・ゆめタウン前,,34.2414844,132.5563642,80486 2,,0,,,,
80487 1,,畑,,34.1644893,132.5277177,80487 1,,0,,,,
80487 2,,畑,,34.16369608,132.527245,80487 2,,0,,,,
89172 1,,仁方駅南口,,34.2214698,132.6551659,89172 1,,0,,,,
89201 1,,安浦駅,,34.2838702,132.7442921,89201 1,,0,,,,
89202 1,,呉信用金庫前,,34.2825716,132.7403691,89202 1,,0,,,,
89202 2,,呉信用金庫前,,34.2826344,132.7403403,89202 2,,0,,,,
89202 3,,呉信用金庫前,,34.28292038,132.7406718,89202 3,,0,,,,
89202 4,,呉信用金庫前,,34.282937053854374460109,132.7409384130442274037218,89202 4,,0,,,,
89203 1,,浦尻,,34.2807673,132.7372868,89203 1,,0,,,,
89203 2,,浦尻,,34.2807184,132.7371455,89203 2,,0,,,,
89204 1,,藤三前,,34.279042,132.7357312,89204 1,,0,,,,
89205 1,,赤仁田,,34.2762586,132.7332223,89205 1,,0,,,,
89205 2,,赤仁田,,34.2756254,132.7325079,89205 2,,0,,,,
89206 1,,中切,,34.27388,132.7299248,89206 1,,0,,,,
89206 2,,中切,,34.2735212,132.7293216,89206 2,,0,,,,
89207 1,,野呂登山口,,34.2702817,132.7272271,89207 1,,0,,,,
89207 2,,野呂登山口,,34.2708068,132.7273543,89207 2,,0,,,,
89208 1,,安登境,,34.264102,132.7260428,89208 1,,0,,,,
89208 2,,安登境,,34.264309,132.7258752,89208 2,,0,,,,
89209 1,,岡谷,,34.2592707,132.7251897,89209 1,,0,,,,
89209 2,,岡谷,,34.2591663,132.7250797,89209 2,,0,,,,
89210 1,,診療所前,,34.2516562,132.7206333,89210 1,,0,,,,
89210 2,,診療所前,,34.2519339,132.7206881,89210 2,,0,,,,
89211 1,,山口,,34.2487704,132.7184647,89211 1,,0,,,,
89211 2,,山口,,34.2488323,132.7184045,89211 2,,0,,,,
89250 1,,中国労災病院,,34.2305976,132.6145106,89250 1,,0,,,,
89250 2,,中国労災病院,,34.2305225641581,132.615020859013,89250 2,,0,,,,
89250 3,,中国労災病院,,34.2310059715504,132.615064942792,89250 3,,0,,,,
89251 1,,広小学校前,,34.23759,132.62671,89251 1,,0,,,,
89251 2,,広小学校前,,34.23772,132.6264,89251 2,,0,,,,
89252 1,,杭本,,34.237123318032804971508,132.6281998860861329412016,89252 1,,0,,,,
89252 2,,杭本,,34.237123322689867190676,132.6284665303533540894856,89252 2,,0,,,,
89253 1,,広高校前,,34.234956925593133949993,132.6306497822948031130136,89253 1,,0,,,,
89253 2,,広高校前,,34.235023586469167058938,132.6306997740985126154884,89253 2,,0,,,,
89254 1,,両谷,,34.233373793984819956692,132.632516366650728705067,89254 1,,0,,,,
89254 2,,両谷,,34.233407124329753166067,132.6325663610489853028174,89254 2,,0,,,,
89255 1,,白石西谷,,34.231690671633079646917,132.6342496334768027399508,89255 1,,0,,,,
89255 2,,白石西谷,,34.231740667243472072692,132.6342996271077417818772,89255 2,,0,,,,
89256 1,,白石中の谷,,34.230340841459867776285,132.6357162406886947421446,89256 1,,0,,,,
89256 2,,白石中の谷,,34.230374171513727659388,132.635749569423033006959,89256 2,,0,,,,
89257 1,,中央白石,,34.229257648014808306225,132.6371161740280370929432,89257 1,,0,,,,
89257 2,,中央白石,,34.229290978359741515600,132.6371661684262936906936,89257 2,,0,,,,
89258 1,,白石東谷,,34.227241241738995835629,132.6396493900616963056204,89258 1,,0,,,,
89258 2,,白石東谷,,34.227274572083919789084,132.6396993839299969161608,89258 2,,0,,,,
89259 1,,白岳,,34.223658242585013203858,132.6368497875726018802248,89259 1,,0,,,,
89260 1,,白岳住宅前,,34.2221417,132.6346167,89260 1,,0,,,,
89261 1,,白岳公園前,,34.22337488,132.6332168,89261 1,,0,,,,
89262 1,,南横路,,34.2381562,132.6087348,89262 1,,0,,,,
89263 1,,横路,,34.239622739249564401583,132.6103679183796489947788,89263 1,,0,,,,
89264 1,,東横路,,34.240639323919404488833,132.6119010777017404310792,89264 1,,0,,,,
89265 1,,北古新開,,34.240572738668393977315,132.6161507276262051051092,89265 1,,0,,,,
89266 1,,四新開,,34.239972843947282046841,132.6185172252429267854210,89266 1,,0,,,,
89267 1,,南古新開,,34.239272966976070085907,132.6212670292602572375476,89267 1,,0,,,,
89268 1,,上大新開,,34.238606402727006635367,132.6230502452139066598242,89268 1,,0,,,,
89269 1,,常盤橋,,34.241305948577837308888,132.6135842398757516404076,89269 1,,0,,,,
89270 1,,初崎神社前,,34.243272478528212357551,132.6178004661866735221476,89270 1,,0,,,,
89271 1,,大広,,34.244989028918601608082,132.6216500673432275887186,89271 1,,0,,,,
89272 1,,泉ヶ丘団地西,,34.309564314665211234311,132.5563525173145818335602,89272 1,,0,,,,
89273 1,,東明公園,,34.313263993139801421581,132.5606353240982023420400,89273 1,,0,,,,
89274 1,,夢ヶ丘第４公園前,,34.315663722214344739706,132.5597686192075367275262,89274 1,,0,,,,
89275 1,,夢ヶ丘北,,34.316846911351056822529,132.5587853128002293402604,89275 1,,0,,,,
89276 1,,夢ヶ丘西,,34.316463591067151531844,132.5572021283879105802392,89276 1,,0,,,,
89277 1,,昭和北中学校,,34.311564080654803017028,132.5552191855120387102464,89277 1,,0,,,,
89278 1,,向条,,34.291616306660229510572,132.560502998687274204401,89278 1,,0,,,,
89278 2,,向条,,34.292549498720469169424,132.5581198197956586437006,89278 2,,0,,,,
89279 1,,昭和中央小学校前,,34.290933068493602320317,132.5617529263428125000068,89279 1,,0,,,,
89280 1,,南ハイツ自治会館,,34.287316896620536191560,132.5679359127613569658652,89280 1,,0,,,,
89280 2,,南ハイツ自治会館,,34.287233573086136260695,132.5679859125306992979740,89280 2,,0,,,,
89281 1,,南ハイツ中,,34.285550447703535149049,132.5696025223561709262378,89281 1,,0,,,,
89282 1,,ケアプラザ呉入口,,34.283850654555871940656,132.5710191497494984365242,89282 1,,0,,,,
89283 1,,南ハイツ東,,34.282667446895662074949,132.5710025385639074210028,89283 1,,0,,,,
89284 1,,南ハイツ南,,34.282800736153080858667,132.5693026738955886101962,89284 1,,0,,,,
89285 1,,南ハイツ第１公園,,34.285050477814014162888,132.5682526575792031986576,89285 1,,0,,,,
89286 1,,三石北,,34.286167000730800729923,132.5668527224402965106594,89286 1,,0,,,,
89287 1,,第３団地南,,34.291866381055551957882,132.5662691750264494341066,89287 1,,0,,,,
89288 1,,第３団地公園前,,34.293916157500042809463,132.5660357666492637087324,89288 1,,0,,,,
89289 1,,第３団地中,,34.295749290789399720576,132.565802368379951328688,89289 1,,0,,,,
89290 1,,第３団地北,,34.297299095068225601938,132.564119103493125339257,89290 1,,0,,,,
89291 1,,大坪,,34.295965713607066639276,132.5531867393109296718992,89291 1,,0,,,,
89292 1,,昭和西小学校前,,34.298082156510266873984,132.5533532947953345826432,89292 1,,0,,,,
89293 1,,宮ヶ迫団地中,,34.299748627462865029930,132.5523533010023433882704,89293 1,,0,,,,
89294 1,,宮ヶ迫団地西,,34.300548516585667935177,132.5508867193763235282518,89294 1,,0,,,,
89295 1,,宮ヶ迫促進住宅前,,34.301898354326615159145,132.5498534096281219207510,89295 1,,0,,,,
89296 1,,西小屋,,34.303264868884998275351,132.5495033758435584042236,89296 1,,0,,,,
89297 1,,西小屋団地,,34.304714726831707565381,132.5502532468862051583880,89297 1,,0,,,,
89298 1,,本庄ハイツ西口,,34.306147919343478391906,132.5509697880292589111988,89298 1,,0,,,,
89299 1,,本庄ハイツ中,,34.305564663109894738962,132.551803079016251538864,89299 1,,0,,,,
89301 1,,日和ヶ丘団地,,34.291116318433509799283,132.5581032211784504146818,89301 1,,0,,,,
89301 2,,日和ヶ丘団地,,34.290816352286110500823,132.5582032268555353213662,89301 2,,0,,,,
89302 1,,政畝北,,34.289199843180166623076,132.5573200412202884498524,89302 1,,0,,,,
89302 2,,政畝北,,34.288266602353103914868,132.5569034521233401840086,89302 2,,0,,,,
89303 1,,桜ヶ丘団地北,,34.285900169092747612515,132.5558203172862617104914,89303 1,,0,,,,
89305 1,,桜ヶ丘団地南,,34.283600387474410228074,132.5542205559784514137576,89305 1,,0,,,,
89306 1,,松ヶ丘団地北,,34.282017223557706241645,132.5542372945368794221720,89306 1,,0,,,,
89307 1,,松ヶ丘団地南,,34.280883997723078051470,132.5534207477167163717444,89307 1,,0,,,,
89308 1,,松ヶ丘団地中,,34.280717328453113075613,132.5522875161921439556984,89308 1,,0,,,,
89309 1,,ひばりヶ丘東,,34.278750823191121737113,132.5494545087420141567312,89309 1,,0,,,,
89310 1,,ひばりヶ丘中,,34.278784122630497613977,132.5477046525786496068300,89310 1,,0,,,,
89311 1,,ひばりヶ丘北,,34.280317282839233393124,132.5472046230916027721944,89311 1,,0,,,,
89312 1,,昭和南小学校前,,34.282267077906725709380,132.5474045170478687645838,89312 1,,0,,,,
89313 1,,此原団地,,34.282067123116195408421,132.5487877447183339054926,89313 1,,0,,,,
89314 1,,政畝南,,34.287466660812098444166,132.555353617162433833861,89314 1,,0,,,,
89315 1,,第２団地,,34.291399723173756217512,132.5639193913869261718848,89315 1,,0,,,,
89316 1,,石原,,34.103535402601896569023,132.5020165163445696237124,89316 1,,0,,,,
89316 2,,石原,,34.103568731190732643436,132.5019498537431650379536,89316 2,,0,,,,
89317 1,,尾曽郷,,34.092636389166118184567,132.4917678694555193289768,89317 1,,0,,,,
89317 2,,尾曽郷,,34.092719714195957504304,132.4917845312829230233634,89317 2,,0,,,,
89318 1,,須川東浜,,34.09158644853748413575,132.488718171203543171030,89318 1,,0,,,,
89318 2,,須川東浜,,34.091686437773286740187,132.4887348317337221042474,89318 2,,0,,,,
89319 1,,須川宮前,,34.092253006541660656933,132.4865849842519550804974,89319 1,,0,,,,
89319 2,,須川宮前,,34.092336330750583323203,132.4865849804154648374842,89319 2,,0,,,,
89320 1,,西宇土,,34.088103220134533465782,132.4734029370141846918986,89320 1,,0,,,,
89320 2,,西宇土,,34.088169880480841748677,132.4734529298778305597258,89320 2,,0,,,,
89321 1,,大影,,34.086669973122897575753,132.4695699876825123594210,89321 1,,0,,,,
89321 2,,大影,,34.086786626722160992310,132.4695366515125321213638,89321 2,,0,,,,
89322 1,,大向,,34.093402322785281369630,132.4544875971365505935744,89322 1,,0,,,,
89322 2,,大向,,34.093435654533050156110,132.4545875869376697591312,89322 2,,0,,,,
89323 1,,重生,,34.114366872098448684305,132.4616527026567180382984,89323 1,,0,,,,
89324 1,,倉橋給食センター前,,34.097286315869258670148,132.5160489721719705361678,89324 1,,0,,,,
89324 2,,倉橋給食センター前,,34.097269652641066514370,132.5161656299389363296154,89324 2,,0,,,,
89325 1,,笹子島ビーチ前,,34.095719841667709069360,132.5174655934269039040224,89325 1,,0,,,,
89325 2,,笹子島ビーチ前,,34.095819831433355000992,132.5174822539570584417036,89325 2,,0,,,,
89326 1,,伊目木,,34.096653166163387598581,132.5226651184435119587252,89326 1,,0,,,,
89326 2,,伊目木,,34.096686497381422303091,132.5227651087746115024244,89326 2,,0,,,,
89327 1,,尾立,,34.103902571144532237478,132.5329972599700096106888,89327 1,,0,,,,
89327 2,,尾立,,34.103902582205066595366,132.5336305407681047388328,89327 2,,0,,,,
89328 1,,室尾西,,34.099303202405071140744,132.5410134724558113234906,89328 1,,0,,,,
89328 2,,室尾西,,34.099336531480959916315,132.5409301447204085652342,89328 2,,0,,,,
89329 1,,室尾,,34.099119937911830316802,132.5438299134886734641776,89329 1,,0,,,,
89329 2,,室尾,,34.099203264344614458869,132.5438965712488957089768,89329 2,,0,,,,
89330 1,,海越口,,34.090037642986976697313,132.5476300166027051932396,89330 1,,0,,,,
89330 2,,海越口,,34.089987650869285871457,132.5477800064541585990040,89330 2,,0,,,,
89331 1,,海越,,34.088171191445103828133,132.5485133625206523723538,89331 1,,0,,,,
89331 2,,海越,,34.088187858350871411681,132.5486300186870068120774,89331 2,,0,,,,
89332 1,,南海越,,34.084071644349846413459,132.5493801458748938972672,89332 1,,0,,,,
89332 2,,南海越,,34.084071646096247059627,132.5494801376075908246762,89332 2,,0,,,,
89333 1,,堀切橋,,34.079672128753872610511,132.5501136209718392060096,89333 1,,0,,,,
89333 2,,堀切橋,,34.079688794997412179668,132.5502302772042186558626,89333 2,,0,,,,
89334 1,,鹿老渡,,34.072722848378980292502,132.5487807182739616311074,89334 1,,0,,,,
89334 2,,鹿老渡,,34.072639526524785765183,132.5489307096430149830598,89334 2,,0,,,,
89335 1,,瀬戸口,,34.069972935389102292793,132.5369151638460394857656,89335 1,,0,,,,
89336 1,,鹿島小学校,,34.068739643233390710738,132.5317156523098471786058,89336 1,,0,,,,
89336 2,,鹿島小学校,,34.068656316509648268208,132.5316323297466350962438,89336 2,,0,,,,
89337 1,,家之元,,34.065923237625271317363,132.5294659679954074948654,89337 1,,0,,,,
89337 2,,家之元,,34.065873246276016683927,132.5295992934907851655850,89337 2,,0,,,,
89338 1,,砠之元,,34.063056843869633359912,132.5275329274417824717746,89338 1,,0,,,,
89338 2,,砠之元,,34.063040181701037125139,132.5276495857386554659636,89338 2,,0,,,,
89339 1,,宮ノ口,,34.052841179692773758628,132.5223504954751693335464,89339 1,,0,,,,
89340 1,,撰果場,,34.106485748387672638631,132.5398799030828333416740,89340 1,,0,,,,
89340 2,,撰果場,,34.106502410503884053126,132.5397299145170113481436,89340 2,,0,,,,
89341 1,,倉橋東中学校,,34.107035713887572166687,132.5412797606958061303656,89341 1,,0,,,,
89341 2,,倉橋東中学校,,34.107135701906824402823,132.5411964298912306895238,89341 2,,0,,,,
89342 1,,洲ノ崎,,34.114785011533193447172,132.5485288024095136712798,89342 1,,0,,,,
89342 2,,洲ノ崎,,34.114801674179152827517,132.5483788141086452804220,89342 2,,0,,,,
89343 1,,倉井,,34.116984872368682716981,132.5540615750423298107074,89343 1,,0,,,,
89343 2,,倉井,,34.117068197637192048336,132.5540615712057907812256,89343 2,,0,,,,
89344 1,,大迫,,34.116268602491719693825,132.5723600881153238727622,89344 1,,0,,,,
89345 1,,長谷,,34.146314661353298794568,132.5307121627364262764976,89345 1,,0,,,,
89346 1,,誠和団地,,34.151714039781958097138,132.5282121227986558098108,89346 1,,0,,,,
89346 2,,誠和団地,,34.151780698911606749043,132.5281621237965914040156,89346 2,,0,,,,
89347 1,,大江,,34.154263653152297647367,132.5216625488244258837780,89347 1,,0,,,,
89347 2,,大江,,34.15423032225152868800,132.521595889292219131164,89347 2,,0,,,,
89348 1,,大谷橋,,34.132615568096170927744,132.4987321169479032530182,89348 1,,0,,,,
89348 2,,大谷橋,,34.132515578912755448833,132.4987487868186623574662,89348 2,,0,,,,
89349 1,,小宇和木,,34.131515606243172150487,132.4941658798714149083188,89349 1,,0,,,,
89349 2,,小宇和木,,34.131415617932965089224,132.4942325460719839860408,89349 2,,0,,,,
89350 1,,小宇和木南,,34.130482299258614333963,132.4893663263894023666930,89350 1,,0,,,,
89350 2,,小宇和木南,,34.130415639546828285434,132.4893829945935860938262,89350 2,,0,,,,
89351 1,,光ヶ瀬,,34.126732624352710456955,132.4850168600469708022390,89351 1,,0,,,,
89351 2,,光ヶ瀬,,34.126665965170672356812,132.4850335285151082150878,89351 2,,0,,,,
89352 1,,鳴滝,,34.124099465086831113149,132.4788508267648605756766,89352 1,,0,,,,
89352 2,,鳴滝,,34.124016141195164936102,132.478884160870287622565,89352 2,,0,,,,
89353 1,,瀬戸内台入口,,34.121916304682070640333,132.4753845486245516803288,89353 1,,0,,,,
89353 2,,瀬戸内台入口,,34.122416254329311736882,132.4755678436720088558368,89353 2,,0,,,,
89354 1,,重極,,34.119283217759394174963,132.4733681700680511949756,89354 1,,0,,,,
89354 2,,重極,,34.119183229158013780659,132.4734181706037020274084,89354 2,,0,,,,
89355 1,,江の浦,,34.115983503452396264420,132.4695353072029473046962,89355 1,,0,,,,
89355 2,,江の浦,,34.115933509297242747868,132.4695686403037318043376,89355 2,,0,,,,
89356 1,,相の山,,34.116033427169425814164,132.4654689762452182663258,89356 1,,0,,,,
89356 2,,相の山,,34.115983433014269974900,132.4655023092130138106862,89356 2,,0,,,,
89357 1,,大地蔵西,,34.174897105457757894378,132.6548338725724625045764,89357 1,,0,,,,
89357 2,,大地蔵西,,34.174897106039886052546,132.6548672028413871129854,89357 2,,0,,,,
89358 1,,臼井商店前,,34.17604706,132.6590335,89358 1,,0,,,,
89358 2,,臼井商店前,,34.176097050963899191018,132.6590667990481716679888,89358 2,,0,,,,
89359 1,,大地蔵中央,,34.17509719,132.6611167,89359 1,,0,,,,
89359 2,,大地蔵中央,,34.175147188928534785870,132.6611500031110226716754,89359 2,,0,,,,
89360 1,,大地蔵東,,34.17358073,132.6631832,89360 1,,0,,,,
89360 2,,大地蔵東,,34.173614056397408204003,132.6632498986343726292584,89360 2,,0,,,,
89361 1,,梶ヶ浜海水浴場,,34.17324756,132.6705826,89361 1,,0,,,,
89361 2,,梶ヶ浜海水浴場,,34.173297551254902671087,132.6705493077201049533490,89361 2,,0,,,,
89362 1,,住吉浜病院前,,34.1824134,132.6794981,89362 1,,0,,,,
89362 2,,住吉浜病院前,,34.182463392420262108161,132.6794314812124777214226,89362 2,,0,,,,
89363 1,,支所前,,34.1858088,132.6824657,89363 1,,0,,,,
89363 2,,支所前,,34.185913073870885480667,132.6823477469716401469924,89363 2,,0,,,,
89364 1,,吉川回漕店前,,34.18932941,132.6840641,89364 1,,0,,,,
89364 2,,吉川回漕店前,,34.189329405079259176058,132.684014117804112140687,89364 2,,0,,,,
89365 1,,三之瀬中,,34.19037928,132.6831141,89365 1,,0,,,,
89365 2,,三之瀬中,,34.190345946962400737053,132.6830974806665465137286,89365 2,,0,,,,
89366 1,,保育所,,34.19272899,132.6812809,89366 1,,0,,,,
89366 2,,保育所,,34.192728993650835364255,132.6812808550821020817110,89366 2,,0,,,,
89367 1,,下蒲刈病院,,34.19314556,132.6782311,89367 1,,0,,,,
89367 2,,下蒲刈病院,,34.193162227516604813688,132.6782477529464711698538,89367 2,,0,,,,
89368 1,,中学校,,34.19242898,132.6785144,89368 1,,0,,,,
89368 2,,中学校,,34.192462315352522109401,132.6789977231028094161676,89368 2,,0,,,,
89369 1,,改善センター,,34.192024,132.674747,89369 1,,0,,,,
89369 2,,改善センター,,34.191978957515761233567,132.6746314420295466448980,89369 2,,0,,,,
89370 1,,中新開,,34.19196227,132.6733149,89370 1,,0,,,,
89370 2,,中新開,,34.191895611185765241025,132.6733648840058685549752,89370 2,,0,,,,
89371 1,,コメリ,,34.194312022273831830889,132.6735480908138367044078,89371 1,,0,,,,
89371 2,,コメリ,,34.194295356955887804906,132.6735147613122052654942,89371 2,,0,,,,
89372 1,,三叉路,,34.194595308549953775854,132.6725814915046203311288,89372 1,,0,,,,
89372 2,,三叉路,,34.194628638842492909031,132.6725981551039719423278,89372 2,,0,,,,
89373 1,,見戸代,,34.196011838124705779642,132.6734313560795581226764,89373 1,,0,,,,
89373 2,,見戸代,,34.196045169820180479229,132.6734980150817722970780,89373 2,,0,,,,
89374 1,,見戸代桟橋,,34.198444959832331211973,132.6761810150495336206098,89374 1,,0,,,,
89374 2,,見戸代桟橋,,34.198428294857845332540,132.6761976814807695139736,89374 2,,0,,,,
89375 1,,東グラウンド,,34.237857890299836145713,132.7036269212996454449332,89375 1,,0,,,,
89375 2,,東グラウンド,,34.237924549190805530080,132.7035935874315677757964,89375 2,,0,,,,
89376 1,,水落,,34.239474562535582536905,132.7138426642469653840720,89376 1,,0,,,,
89376 2,,水落,,34.239557886453450371279,132.7138259958054688655858,89376 2,,0,,,,
89377 1,,文化会館前,,34.239974585690219827673,132.7182422766757056371370,89377 1,,0,,,,
89377 2,,文化会館前,,34.239974583943816858793,132.7181422848100197544470,89377 2,,0,,,,
89378 1,,小用西,,34.240974500967267933365,132.7195087917029351092300,89378 1,,0,,,,
89378 2,,小用西,,34.241007830121643197236,132.719475459900411883321,89378 2,,0,,,,
89379 1,,小用東,,34.240957866528585950157,132.7212586474629640665176,89379 1,,0,,,,
89379 2,,小用東,,34.241024525102298862765,132.7211919833269495104626,89379 2,,0,,,,
89380 1,,小用２丁目,,34.240458000549860702780,132.7258582883361666014294,89380 1,,0,,,,
89381 1,,車庫前,,34.227608761516309721488,132.6907451299597772882402,89381 1,,0,,,,
89382 1,,川尻駅構内,,34.232908212176489386906,132.6917781327593625568622,89382 1,,0,,,,
89383 1,,安登駅,,34.254323121552134028868,132.7222746142853099290126,89383 1,,0,,,,
89384 1,,向野原,,34.25029017,132.7191917,89384 1,,0,,,,
89384 2,,向野原,,34.250256830091472517231,132.7188417531178131644158,89384 2,,0,,,,
89385 1,,安登公園,,34.25087339,132.7163419,89385 1,,0,,,,
89385 2,,安登公園,,34.250723402504445494997,132.7163586046408983016154,89385 2,,0,,,,
89386 1,,市迫入口,,34.2512722,132.7143004,89386 1,,0,,,,
89386 2,,市迫入口,,34.2512239,132.7143417,89386 2,,0,,,,
89387 1,,中央公園,,34.25170654,132.711159,89387 1,,0,,,,
89388 1,,第４公園,,34.24935679,132.7108758,89388 1,,0,,,,
89389 1,,あひる池,,34.24947341,132.7089926,89389 1,,0,,,,
89390 1,,石公園前,,34.2519589,132.710527,89390 1,,0,,,,
89391 1,,市迫中,,34.25265648,132.7133754,89391 1,,0,,,,
89391 2,,市迫中,,34.252656477189985109168,132.7133420990461472924878,89391 2,,0,,,,
89392 1,,市迫上,,34.25338971,132.7120755,89392 1,,0,,,,
89392 2,,市迫上,,34.253323049518533484372,132.7120255116200500952034,89392 2,,0,,,,
89393 1,,小田野原上,,34.25527285,132.712592,89393 1,,0,,,,
89393 2,,小田野原上,,34.255189524707100354335,132.7124920536810424548768,89393 2,,0,,,,
89394 1,,小田野原,,34.2550474,132.7148406,89394 1,,0,,,,
89394 2,,小田野原,,34.2550108,132.7149041,89394 2,,0,,,,
89395 1,,小田野原自治会館,,34.255456227057645510471,132.7161750687932038230224,89395 1,,0,,,,
89395 2,,小田野原自治会館,,34.25535624,132.7161917,89395 2,,0,,,,
89396 1,,上奥条,,34.255889538188680636142,132.7175582673062540813804,89396 1,,0,,,,
89396 2,,上奥条,,34.25580621,132.7175083,89396 2,,0,,,,
89397 1,,奥条,,34.257222804652300894133,132.7218911789782868808140,89397 1,,0,,,,
89397 2,,奥条,,34.25715615,132.7219912,89397 2,,0,,,,
89398 1,,御幸橋,,34.286186660012871408664,132.7383384796925365346544,89398 1,,0,,,,
89398 2,,御幸橋,,34.286253307499855256729,132.7376218694924632709392,89398 2,,0,,,,
89399 1,,亀山神社前,,34.28820303,132.7336221,89399 1,,0,,,,
89399 2,,亀山神社前,,34.288369678748264942967,132.7336554348562464204458,89399 2,,0,,,,
89400 1,,頓原,,34.29268583,132.7308388,89400 1,,0,,,,
89400 2,,頓原,,34.292502524091022557921,132.7310387951577102537102,89400 2,,0,,,,
89401 1,,原垣内,,34.294947,132.7310982,89401 1,,0,,,,
89401 2,,原垣内,,34.295118911508453363263,132.7310720052415105540998,89401 2,,0,,,,
89402 1,,下垣内下,,34.30041806,132.7147398,89402 1,,0,,,,
89402 2,,下垣内下,,34.300484717477085676336,132.714689785354089235054,89402 2,,0,,,,
89403 1,,下垣内上,,34.30070132,132.71239,89403 1,,0,,,,
89403 2,,下垣内上,,34.30075131538859703112,132.71233996808431411731,89403 2,,0,,,,
89404 1,,中畑下,,34.30235105,132.7070237,89404 1,,0,,,,
89404 2,,中畑下,,34.302417712119289640283,132.7070903269070992429644,89404 2,,0,,,,
89405 1,,中畑上,,34.30431745,132.7037405,89405 1,,0,,,,
89405 2,,中畑上,,34.304400775957871007077,132.7038071755371999364258,89405 2,,0,,,,
89406 1,,山田谷,,34.30246756,132.698741,89406 1,,0,,,,
89406 2,,山田谷,,34.302500888175288409601,132.6986076947590141290502,89406 2,,0,,,,
89407 1,,市原上,,34.29591822,132.6963582,89407 1,,0,,,,
89407 2,,市原上,,34.295834894923508607750,132.6963415224908766066018,89407 2,,0,,,,
89408 1,,市原下,,34.29320192,132.7009579,89408 1,,0,,,,
89408 2,,市原下,,34.293168592812134362584,132.7008912682391628900426,89408 2,,0,,,,
89409 1,,原畑上,,34.28157011,132.7166738,89409 1,,0,,,,
89409 2,,原畑上,,34.281503448609975294007,132.7165905014360499605788,89409 2,,0,,,,
89410 1,,原畑下,,34.27992032,132.7187571,89410 1,,0,,,,
89410 2,,原畑下,,34.279870326048344995443,132.7186737372241915567618,89410 2,,0,,,,
89411 1,,内平,,34.27770394,132.7216569,89411 1,,0,,,,
89411 2,,内平,,34.277620616934385590543,132.7215569344690658134898,89411 2,,0,,,,
89412 1,,三本松公園入口,,34.27000481,132.7241904,89412 1,,0,,,,
89412 2,,三本松公園入口,,34.269904820780908940889,132.7241570739861605602040,89412 2,,0,,,,
89413 1,,農免道路入口,,34.26657187,132.7255404,89413 1,,0,,,,
89413 2,,農免道路入口,,34.266455213261310851760,132.7254737895513363574914,89413 2,,0,,,,
89414 1,,西三津口,,34.2832594,132.7494872,89414 1,,0,,,,
89414 2,,西三津口,,34.283153846617785079937,132.7495043587746064470720,89414 2,,0,,,,
89415 1,,三津口農協,,34.282753942171142892087,132.7525041279807955316188,89415 1,,0,,,,
89415 2,,三津口農協,,34.282853916323868831122,132.7516875243804988280876,89415 2,,0,,,,
89416 1,,三津口桟橋,,34.281887421861087824671,132.7556205755390964890756,89416 1,,0,,,,
89416 2,,三津口桟橋,,34.282037396176598774862,132.7550539493000618894252,89416 2,,0,,,,
89417 1,,祇園,,34.282554098277003981376,132.7602368278352516127266,89417 1,,0,,,,
89417 2,,祇園,,34.282354113215648375650,132.7598868665738785215706,89417 2,,0,,,,
89418 1,,あかはね,,34.282287544502952286133,132.7650531072945478547550,89418 1,,0,,,,
89418 2,,あかはね,,34.282237545399662036589,132.7648031303961985201004,89418 2,,0,,,,
89419 1,,飯野山,,34.279487922042402279975,132.7695528622554921965178,89419 1,,0,,,,
89419 2,,飯野山,,34.279354602222987198625,132.7695028724610434022084,89419 2,,0,,,,
89420 1,,深の浦,,34.280404568756555325906,132.7740357809085660169872,89420 1,,0,,,,
89420 2,,深の浦,,34.280304578595157160831,132.7739357936466391558734,89420 2,,0,,,,
89421 1,,三津口灘,,34.278454849605177445189,132.7781521954043045084586,89421 1,,0,,,,
89421 2,,三津口灘,,34.278338195685853042366,132.7781688664393238189348,89421 2,,0,,,,
89422 1,,黒地,,34.279354884266593485665,132.7856515316765635067284,89422 1,,0,,,,
89422 2,,黒地,,34.278454977965582247789,132.7855015853132316716336,89422 2,,0,,,,
89423 1,,鍬畑,,34.299368570513753442322,132.7375546045605423754516,89423 1,,0,,,,
89424 1,,藤木,,34.30046855,132.7433541,89424 1,,0,,,,
89425 1,,垰原,,34.30271843,132.7497868,89425 1,,0,,,,
89426 1,,女子畑,,34.3049682,132.7505366,89426 1,,0,,,,
89427 1,,野路東小学校入口,,34.30766786,132.7475534,89427 1,,0,,,,
89428 1,,安浦交通本社前,,34.3093488,132.7451026,89428 1,,0,,,,
89429 1,,女子畑上,,34.31500022,132.7367206,89429 1,,0,,,,
89430 1,,白稲,,34.30885068,132.7255385,89430 1,,0,,,,
89431 1,,赤向坂,,34.30555111,132.7298883,89431 1,,0,,,,
89432 1,,安浦大橋,,34.27983744,132.7441716,89432 1,,0,,,,
89432 2,,安浦大橋,,34.27983744,132.744005,89432 2,,0,,,,
89433 1,,水尻団地,,34.2778034,132.7468197,89433 1,,0,,,,
89433 2,,水尻団地,,34.27782104,132.7467715,89433 2,,0,,,,
89434 1,,東商店前,,34.27433818,132.7525712,89434 1,,0,,,,
89434 2,,東商店前,,34.27428818,132.7524379,89434 2,,0,,,,
89435 1,,亀戸,,34.26295609,132.7544549,89435 1,,0,,,,
89435 2,,亀戸,,34.26297276,132.7543049,89435 2,,0,,,,
89436 1,,日之浦橋,,34.25920648,132.7533385,89436 1,,0,,,,
89436 2,,日之浦橋,,34.25913981,132.7532552,89436 2,,0,,,,
89437 1,,グリーンピア入口,,34.25657345,132.7551218,89437 1,,0,,,,
89437 2,,グリーンピア入口,,34.25667344,132.7550884,89437 2,,0,,,,
89438 1,,塩谷,,34.2444246,132.7462731,89438 1,,0,,,,
89439 1,,多賀谷町３番,,34.22524089,132.6070689,89439 1,,0,,,,
89440 1,,虹村南,,34.223057795393265719002,132.6075689130872956572256,89440 1,,0,,,,
89441 1,,虹村団地入口,,34.22787405555391618554,132.61380150665493756621,89441 1,,0,,,,
89441 2,,虹村団地入口,,34.227974043864141758643,132.6137348415142804629080,89441 2,,0,,,,
89442 1,,多賀谷町１番,,34.226457491103463822197,132.6109851392828783581436,89442 1,,0,,,,
89442 2,,多賀谷町１番,,34.226574144149605252420,132.6109184733749280807424,89442 2,,0,,,,
89443 1,,多賀谷町２番,,34.225357574947952901260,132.6090353527904392546042,89443 1,,0,,,,
89443 2,,多賀谷町２番,,34.225224250762630421943,132.6087353833337755828800,89443 2,,0,,,,
89444 1,,クリーンセンターくれ,,34.223657702656340995282,132.6059356880013782325368,89444 1,,0,,,,
89445 1,,政畝団地上,,34.288499933926643197236,132.558236663779161883321,89445 1,,0,,,,
89446 1,,松ヶ丘団地上,,34.282233902118195468885,132.5562037878890480495234,89446 1,,0,,,,
89447 1,,松ヶ丘橋,,34.2792248831164,132.551329475719,89447 1,,0,,,,
89448 1,,藤三北,,34.283403694376956501691,132.7423549412185694416044,89448 1,,0,,,,
