stop_id,stop_code,stop_name,stop_desc,stop_lat,stop_lon,zone_id,stop_url,location_type,parent_station,stop_timezone,wheelchair_boarding,platform_code
1010 1,,あさひが丘１番,,34.50514124,132.4329704,1010 1,,0,,,,
1010 2,,あさひが丘１番,,34.50507458,132.4329538,1010 2,,0,,,,
1020 1,,あさひが丘２番,,34.5072348,132.4320966,1020 1,,0,,,,
1020 2,,あさひが丘２番,,34.5080861,132.4318731,1020 2,,0,,,,
1030 1,,あさひが丘３番,,34.5092176,132.4328476,1030 1,,0,,,,
1030 2,,あさひが丘３番,,34.5091631,132.4334168,1030 2,,0,,,,
1040 1,,あさひが丘下,,34.5058043,132.4408232,1040 1,,0,,,,
1040 2,,あさひが丘下,,34.5052087,132.4391323,1040 2,,0,,,,
1040 3,,あさひが丘下,,34.504374761199603601101,132.4390032923986534519128,1040 3,,0,,,,
1040 4,,あさひが丘下,,34.505158027393898869895,132.4399531774656995135318,1040 4,,0,,,,
1050 1,,あさひが丘上,,34.5091641,132.4366446,1050 1,,0,,,,
1050 2,,あさひが丘上,,34.5094076,132.4357836,1050 2,,0,,,,
1050 3,,あさひが丘上,,34.509057547116831113149,132.4363366314623605756766,1050 3,,0,,,,
1060 1,,あさひが丘中,,34.5066809,132.4377645,1060 1,,0,,,,
1060 2,,あさひが丘中,,34.5072861,132.4369243,1060 2,,0,,,,
1070 1,,あさひが丘展望台入口,,34.5033222,132.4349654,1070 1,,0,,,,
1070 2,,あさひが丘展望台入口,,34.5036378,132.4344688,1070 2,,0,,,,
1080 1,,あさひが丘東,,34.5062493,132.444541,1080 1,,0,,,,
1080 2,,あさひが丘東,,34.5062465,132.4442224,1080 2,,0,,,,
1090 1,,くすの木台,,34.5028308,132.3897732,1090 1,,0,,,,
1090 2,,くすの木台,,34.501955,132.3894767,1090 2,,0,,,,
1100 1,,くすの木台下,,34.4992333,132.3950612,1100 1,,0,,,,
1100 2,,くすの木台下,,34.5001346,132.3944632,1100 2,,0,,,,
1110 1,,くすの木台中,,34.5022641,132.3927157,1110 1,,0,,,,
1110 2,,くすの木台中,,34.5025408,132.3915776,1110 2,,0,,,,
1120 1,,安県営住宅,,34.4765173,132.4437277,1120 1,,0,,,,
1120 2,,安県営住宅,,34.4761798,132.4435563,1120 2,,0,,,,
1130 1,,安佐営業所,,34.5512939,132.444857,1130 1,,0,,,,
1130 2,,安佐営業所,,34.551299,132.4448344,1130 2,,0,,,,
1140 1,,安佐出張所前,,34.5457972,132.4336595,1140 1,,0,,,,
1140 2,,安佐出張所前,,34.5459124,132.4339003,1140 2,,0,,,,
1150 1,,安佐動物公園,,34.4959013,132.442439,1150 1,,0,,,,
1150 2,,安佐動物公園,,34.4964861,132.4427862,1150 2,,0,,,,
1160 1,,一つ町,,34.5114979,132.4038876,1160 1,,0,,,,
1160 2,,一つ町,,34.511503,132.4038619,1160 2,,0,,,,
1170 1,,宇津,,34.5446082,132.4317365,1170 1,,0,,,,
1170 2,,宇津,,34.54452034,132.4316187,1170 2,,0,,,,
1180 1,,下向,,34.4671411,132.424225,1180 1,,0,,,,1
1180 2,,下向,,34.4671609,132.4242275,1180 2,,0,,,,2
1180 4,,下向,,34.4671549,132.424233,1180 4,,0,,,,4
1190 1,,下向上,,34.4653643,132.4222054,1190 1,,0,,,,
1190 2,,下向上,,34.46556,132.42258,1190 2,,0,,,,
1200 1,,下大下,,34.4813997,132.3993656,1200 1,,0,,,,
1200 2,,下大下,,34.4813634,132.3992393,1200 2,,0,,,,
1210 1,,下萩原,,34.478632,132.4435582,1210 1,,0,,,,
1210 2,,下萩原,,34.4794,132.4432776,1210 2,,0,,,,
1220 1,,下伴,,34.4677329,132.4206492,1220 1,,0,,,,
1220 2,,下伴,,34.4676272,132.4198235,1220 2,,0,,,,
1230 1,,下槙原,,34.4974599,132.3739299,1230 1,,0,,,,
1230 2,,下槙原,,34.4973722,132.3739481,1230 2,,0,,,,
1240 1,,角山橋,,34.4600186,132.333459,1240 1,,0,,,,
1240 2,,角山橋,,34.45997767,132.3335308,1240 2,,0,,,,
1250 1,,吉山,,34.4805544,132.3517417,1250 1,,0,,,,
1250 2,,吉山,,34.4805198,132.3518224,1250 2,,0,,,,
1260 1,,久地学校,,34.51950588,132.4048554,1260 1,,0,,,,
1260 2,,久地学校,,34.5206036,132.4055891,1260 2,,0,,,,
1270 1,,久地魚切,,34.4976482,132.3974542,1270 1,,0,,,,
1270 2,,久地魚切,,34.4978456,132.3973149,1270 2,,0,,,,
1270 3,,久地魚切,,34.4989123,132.3971522,1270 3,,0,,,,
1270 4,,久地魚切,,34.4993784,132.3969404,1270 4,,0,,,,
1280 1,,久地境原,,34.4878592,132.3985898,1280 1,,0,,,,
1280 2,,久地境原,,34.4880686,132.3983467,1280 2,,0,,,,
1290 1,,久地川井,,34.529252,132.4128798,1290 1,,0,,,,
1290 2,,久地川井,,34.5291361,132.4127559,1290 2,,0,,,,
1300 1,,久地農協,,34.5181092,132.4044622,1300 1,,0,,,,
1300 2,,久地農協,,34.5181037,132.4045385,1300 2,,0,,,,
1310 1,,久地本郷下,,34.5239322,132.4087538,1310 1,,0,,,,
1310 2,,久地本郷下,,34.5238971,132.4086141,1310 2,,0,,,,
1320 1,,魚切橋,,34.5036975,132.3981165,1320 1,,0,,,,
1320 2,,魚切橋,,34.5042404,132.3986546,1320 2,,0,,,,
1330 1,,魚切中,,34.5015321,132.3968931,1330 1,,0,,,,
1330 2,,魚切中,,34.5015442,132.3967742,1330 2,,0,,,,
1340 1,,教雲寺前,,34.5079061,132.4478067,1340 1,,0,,,,
1340 2,,教雲寺前,,34.5075018,132.4471053,1340 2,,0,,,,
1350 1,,郷坂,,34.5015103,132.3824723,1350 1,,0,,,,
1350 2,,郷坂,,34.5013885,132.3824056,1350 2,,0,,,,
1360 1,,県営あさひが丘住宅,,34.5017718,132.4366253,1360 1,,0,,,,
1360 2,,県営あさひが丘住宅,,34.502292,132.435911,1360 2,,0,,,,
1370 1,,戸山学校,,34.4833499,132.3550859,1370 1,,0,,,,
1370 2,,戸山学校,,34.4828338,132.3547437,1370 2,,0,,,,
1380 1,,戸山車庫,,34.4560624,132.331678,1380 1,,0,,,,
1380 2,,戸山車庫,,34.4560836,132.3317052,1380 2,,0,,,,
1390 1,,戸山中村,,34.4642155,132.3385228,1390 1,,0,,,,
1390 2,,戸山中村,,34.4641129,132.3385481,1390 2,,0,,,,
1400 1,,戸山農協支所前,,34.496991,132.3714332,1400 1,,0,,,,
1400 2,,戸山農協支所前,,34.49689105,132.3714426,1400 2,,0,,,,
1410 1,,戸山槙原,,34.4957085,132.369932,1410 1,,0,,,,
1410 2,,戸山槙原,,34.4956296,132.3699751,1410 2,,0,,,,
1420 1,,戸山郵便局前,,34.4853253,132.3573279,1420 1,,0,,,,
1420 2,,戸山郵便局前,,34.4852383,132.3573949,1420 2,,0,,,,
1430 1,,後山下,,34.5091811,132.4519077,1430 1,,0,,,,
1430 2,,後山下,,34.5091711,132.451759,1430 2,,0,,,,
1440 1,,後山上,,34.4993726,132.4435949,1440 1,,0,,,,
1440 2,,後山上,,34.5011563,132.4436309,1440 2,,0,,,,
1440 3,,後山上,,34.500158615144224983022,132.443003154247572255459,1440 3,,0,,,,
1450 1,,後山農協,,34.505718,132.4474521,1450 1,,0,,,,
1450 2,,後山農協,,34.5057748,132.4473192,1450 2,,0,,,,
1460 1,,幸の神,,34.4914292,132.397714,1460 1,,0,,,,
1460 2,,幸の神,,34.4914889,132.3975401,1460 2,,0,,,,
1460 3,,幸の神,,34.4914788,132.3974443,1460 3,,0,,,,
1460 4,,幸の神,,34.4916005,132.3973157,1460 4,,0,,,,
1470 1,,広陵学園入口,,34.4671172,132.4177113,1470 1,,0,,,,
1470 2,,広陵学園入口,,34.4670693,132.4178318,1470 2,,0,,,,
1480 1,,荒谷,,34.4922261,132.4414536,1480 1,,0,,,,
1480 2,,荒谷,,34.4926138,132.4413465,1480 2,,0,,,,
1490 1,,高浜,,34.4995331,132.3776749,1490 1,,0,,,,
1490 2,,高浜,,34.4994809,132.3777868,1490 2,,0,,,,
1500 1,,才の原,,34.5136162,132.4323291,1500 1,,0,,,,
1500 2,,才の原,,34.5139162,132.4322519,1500 2,,0,,,,
1510 1,,才の原下,,34.5176762,132.4304935,1510 1,,0,,,,
1510 2,,才の原下,,34.5177467,132.4303479,1510 2,,0,,,,
1520 1,,細坂上,,34.4671258,132.4100623,1520 1,,0,,,,
1520 2,,細坂上,,34.4671729,132.4097734,1520 2,,0,,,,
1530 1,,桜が峠口,,34.4686681,132.3438757,1530 1,,0,,,,
1530 2,,桜が峠口,,34.468614,132.3439351,1530 2,,0,,,,
1540 1,,三国分れ,,34.52065616,132.4278368,1540 1,,0,,,,
1540 2,,三国分れ,,34.5206674,132.4277509,1540 2,,0,,,,
1550 1,,三菱団地入口,,34.4640487,132.4141796,1550 1,,0,,,,
1550 2,,三菱団地入口,,34.463981,132.4147054,1550 2,,0,,,,
1560 1,,三本柿,,34.4883335,132.362681,1560 1,,0,,,,
1560 2,,三本柿,,34.4883255,132.3628016,1560 2,,0,,,,
1570 1,,出雲,,34.4927609,132.3679098,1570 1,,0,,,,
1570 2,,出雲,,34.49257478,132.3678264,1570 2,,0,,,,
1580 1,,小浜,,34.5475837,132.4028351,1580 1,,0,,,,
1580 2,,小浜,,34.5473962,132.4023892,1580 2,,0,,,,
1590 1,,小野原,,34.5042008,132.4017476,1590 1,,0,,,,
1590 2,,小野原,,34.5043319,132.4017653,1590 2,,0,,,,
1600 1,,小野原三国口,,34.5093237,132.4057982,1600 1,,0,,,,
1600 2,,小野原三国口,,34.5093923,132.4057024,1600 2,,0,,,,
1610 1,,松宗,,34.4652806,132.4161419,1610 1,,0,,,,
1610 2,,松宗,,34.4648846,132.41598,1610 2,,0,,,,
1620 1,,沼田高校,,34.46027921,132.4239232,1620 1,,0,,,,
1630 0,,上安駅,,34.475927900116580396605,132.4445208103652404741916,1630 0,,0,,,,
1630 1,,上安駅,,34.4759055,132.4447602,1630 1,,0,,,,2
1630 2,,上安駅,,34.4759404,132.4445245,1630 2,,0,,,,2
1640 1,,上萩原,,34.4856961,132.4417267,1640 1,,0,,,,
1640 2,,上萩原,,34.4853379,132.44173,1640 2,,0,,,,
1650 1,,上毛木,,34.5328011,132.4329438,1650 1,,0,,,,
1650 2,,上毛木,,34.5327972,132.4328527,1650 2,,0,,,,
1660 1,,新畑,,34.4701937,132.4078914,1660 1,,0,,,,
1660 2,,新畑,,34.4695815,132.4079632,1660 2,,0,,,,
1660 4,,新畑,,34.4739254,132.4095433,1660 4,,0,,,,
1670 1,,神原,,34.4899615,132.3629886,1670 1,,0,,,,
1670 2,,神原,,34.4899578,132.3630791,1670 2,,0,,,,
1680 1,,壬辰橋,,34.5340059,132.4348393,1680 1,,0,,,,
1680 2,,壬辰橋,,34.5339702,132.4347312,1680 2,,0,,,,
1690 1,,清和中学校前,,34.5487169,132.4406766,1690 1,,0,,,,
1690 2,,清和中学校前,,34.54826,132.4397832,1690 2,,0,,,,
1700 1,,西正寺,,34.5165324,132.4040662,1700 1,,0,,,,
1700 2,,西正寺,,34.5165492,132.4039496,1700 2,,0,,,,
1710 1,,大下,,34.4836062,132.3990398,1710 1,,0,,,,
1710 2,,大下,,34.4838922,132.3988612,1710 2,,0,,,,
1720 1,,大原,,34.4743157,132.3472646,1720 1,,0,,,,
1720 2,,大原,,34.4742523,132.3473726,1720 2,,0,,,,
1730 1,,大原駅,,34.4632214,132.4129346,1730 1,,0,,,,
1730 2,,大原駅,,34.4633528,132.4126846,1730 2,,0,,,,
1740 1,,大川橋,,34.5316316,132.4105044,1740 1,,0,,,,
1740 2,,大川橋,,34.5315789,132.4104262,1740 2,,0,,,,
1750 1,,大谷橋,,34.4580779,132.3330476,1750 1,,0,,,,
1750 2,,大谷橋,,34.4580464,132.3331581,1750 2,,0,,,,
1760 1,,中吉山,,34.4730228,132.3459996,1760 1,,0,,,,
1760 2,,中吉山,,34.4725152,132.3458842,1760 2,,0,,,,
1770 1,,中田口,,34.4932241,132.3986049,1770 1,,0,,,,
1770 2,,中田口,,34.4932596,132.3984924,1770 2,,0,,,,
1780 1,,中萩原,,34.4813558,132.4434753,1780 1,,0,,,,
1780 2,,中萩原,,34.4819231,132.4437905,1780 2,,0,,,,
1790 1,,忠央,,34.4920183,132.3655944,1790 1,,0,,,,
1790 2,,忠央,,34.49194148,132.3655766,1790 2,,0,,,,
1800 1,,追崎,,34.560565,132.3911681,1800 1,,0,,,,
1810 1,,椿原,,34.5029581,132.4437209,1810 1,,0,,,,
1810 2,,椿原,,34.5029818,132.4436406,1810 2,,0,,,,
1820 1,,天皇原,,34.4862653,132.3606156,1820 1,,0,,,,
1820 2,,天皇原,,34.48612534,132.3601773,1820 2,,0,,,,
1830 1,,藤田橋,,34.4781027,132.3506026,1830 1,,0,,,,
1830 2,,藤田橋,,34.4780038,132.3506762,1830 2,,0,,,,
1840 1,,日浦西小学校,,34.5266753,132.429983,1840 1,,0,,,,
1840 2,,日浦西小学校,,34.5265034,132.4299012,1840 2,,0,,,,
1850 1,,八丁橋,,34.4673014,132.3416123,1850 1,,0,,,,
1850 2,,八丁橋,,34.4672466,132.341674,1850 2,,0,,,,
1860 1,,飯室西,,34.54442032,132.4299189,1860 1,,0,,,,
1860 2,,飯室西,,34.544237,132.4294356,1860 2,,0,,,,
1870 1,,飯室毛木,,34.5367718,132.4338816,1870 1,,0,,,,
1870 2,,飯室毛木,,34.5367762,132.4337974,1870 2,,0,,,,
1880 1,,尾淵,,34.5555219,132.3939775,1880 1,,0,,,,
1880 2,,尾淵,,34.5555456,132.3940862,1880 2,,0,,,,
1890 1,,布,,34.5333632,132.4108005,1890 1,,0,,,,
1890 2,,布,,34.5328448,132.4104145,1890 2,,0,,,,
1900 1,,上布,,34.5335909,132.4084864,1900 1,,0,,,,
1900 2,,上布,,34.5338593,132.4080239,1900 2,,0,,,,
1910 1,,槙原,,34.5454021,132.3948112,1910 1,,0,,,,
1910 2,,槙原,,34.5455815,132.3945711,1910 2,,0,,,,
1920 1,,名原口,,34.5063916,132.4031811,1920 1,,0,,,,
1920 2,,名原口,,34.5066484,132.403088,1920 2,,0,,,,
1930 1,,毛木,,34.5303979,132.4333616,1930 1,,0,,,,
1930 2,,毛木,,34.5303832,132.4332386,1930 2,,0,,,,
1940 1,,野稲原,,34.4620137,132.3346423,1940 1,,0,,,,
1940 2,,野稲原,,34.4619769,132.3347235,1940 2,,0,,,,
1950 1,,野平口,,34.5110044,132.4368515,1950 1,,0,,,,
1950 2,,野平口,,34.5113425,132.4354412,1950 2,,0,,,,
1960 1,,油木,,34.5402394,132.4216909,1960 1,,0,,,,
1960 2,,油木,,34.54012064,132.4216864,1960 2,,0,,,,
1970 1,,脇田橋,,34.5311214,132.4121543,1970 1,,0,,,,
1970 2,,脇田橋,,34.5310591,132.4121086,1970 2,,0,,,,
2040 1,,サンハイツ,,34.4864035,132.4478944,2040 1,,0,,,,
2040 2,,サンハイツ,,34.4864279,132.4478839,2040 2,,0,,,,
2050 1,,サンハイツ下,,34.4819884,132.4477923,2050 1,,0,,,,
2050 2,,サンハイツ下,,34.4819036,132.4477929,2050 2,,0,,,,
2060 1,,サンハイツ県営住宅,,34.4839571,132.4492863,2060 1,,0,,,,
2060 2,,サンハイツ県営住宅,,34.4843336,132.4491957,2060 2,,0,,,,
2070 1,,サンハイツ中,,34.4827179,132.4496064,2070 1,,0,,,,
2070 2,,サンハイツ中,,34.483049,132.4499604,2070 2,,0,,,,
2080 1,,サンハイツ東,,34.4853846,132.4500778,2080 1,,0,,,,
2080 2,,サンハイツ東,,34.4854886,132.4506702,2080 2,,0,,,,
2090 1,,サンハイツ東上,,34.4868694,132.4505932,2090 1,,0,,,,
2090 2,,サンハイツ東上,,34.4867224,132.4508627,2090 2,,0,,,,
2100 2,,スポーツセンター前,,34.4696541,132.4118359,2100 2,,0,,,,
2200 1,,安小学校,,34.4736803,132.4435551,2200 1,,0,,,,
2200 2,,安小学校,,34.4737528,132.4432051,2200 2,,0,,,,
2210 1,,安小学校西,,34.473295,132.4419512,2210 1,,0,,,,
2210 2,,安小学校西,,34.473236,132.4419307,2210 2,,0,,,,
2220 1,,安小峠,,34.4682667,132.45964,2220 1,,0,,,,
2220 2,,安小峠,,34.4678179,132.4601,2220 2,,0,,,,
2230 1,,安中央,,34.472897,132.445385,2230 1,,0,,,,
2230 2,,安中央,,34.4727617,132.446012,2230 2,,0,,,,
2240 1,,安田女子大入口,,34.47277837,132.4522703,2240 1,,0,,,,
2240 2,,安田女子大入口,,34.4726861,132.451776,2240 2,,0,,,,
2250 1,,安東亜,,34.464534,132.4417434,2250 1,,0,,,,
2250 2,,安東亜,,34.4645375,132.4416706,2250 2,,0,,,,
2280 1,,奥畑下,,34.458463,132.3776201,2280 1,,0,,,,
2330 1,,下小峠,,34.4667948,132.4616663,2330 1,,0,,,,
2330 2,,下小峠,,34.4667533,132.4614891,2330 2,,0,,,,
2340 1,,下相田,,34.4688588,132.4587067,2340 1,,0,,,,
2340 2,,下相田,,34.4691813,132.4579974,2340 2,,0,,,,
2590 1,,光ヶ丘団地口,,34.4825383,132.4451007,2590 1,,0,,,,
2590 2,,光ヶ丘団地口,,34.4821624,132.4457997,2590 2,,0,,,,
2630 1,,高取,,34.474508,132.437839,2630 1,,0,,,,
2630 2,,高取,,34.4739311,132.4364101,2630 2,,0,,,,
2631 1,,高取,,34.4747131,132.4373253,2631 1,,0,,,,
2650 1,,高取上,,34.4735577,132.4338368,2650 1,,0,,,,
2650 2,,高取上,,34.4737151,132.4338672,2650 2,,0,,,,
2690 1,,三城田上,,34.4625582,132.398052,2690 1,,0,,,,
2700 1,,三城田中,,34.461145,132.4008147,2700 1,,0,,,,
2780 1,,若葉台,,34.4826095,132.4060592,2780 1,,0,,,,
2790 1,,若葉台中央公園南,,34.4836755,132.4063067,2790 1,,0,,,,
2800 1,,若葉台中央公園北,,34.4849807,132.4067201,2800 1,,0,,,,
2810 1,,若葉台東公園前,,34.4835749,132.4092458,2810 1,,0,,,,
2820 1,,若葉台東上,,34.4858121,132.4088945,2820 1,,0,,,,
2830 2,,若葉台入口,,34.4829496,132.4041682,2830 2,,0,,,,
2840 1,,若葉台北公園前,,34.4862412,132.406834,2840 1,,0,,,,
2910 1,,沼田営業所,,34.4639459,132.4098198,2910 1,,0,,,,
2930 1,,上安,,34.4742319,132.4410884,2930 1,,0,,,,
2930 2,,上安,,34.4742668,132.4400168,2930 2,,0,,,,
2950 1,,上大町,,34.4655002,132.4638375,2950 1,,0,,,,
2950 2,,上大町,,34.4656632,132.4632813,2950 2,,0,,,,
3010 1,,瀬戸下,,34.4641649,132.3942265,3010 1,,0,,,,
3020 1,,瀬戸上,,34.4619796,132.389481,3020 1,,0,,,,
3110 1,,相田,,34.470935,132.4558627,3110 1,,0,,,,
3110 2,,相田,,34.4712612,132.4552301,3110 2,,0,,,,
3130 1,,大曲り,,34.4611439,132.3829975,3130 1,,0,,,,
3170 1,,大町,,34.4613572,132.4659236,3170 1,,0,,,,
3170 2,,大町,,34.4602943,132.4661339,3170 2,,0,,,,
3180 0,,大町駅,,34.461279911165313604040,132.4699527064766058560336,3180 0,,0,,,,
3180 1,,大町駅,,34.4614631,132.4701386,3180 1,,0,,,,1
3340 1,,長楽寺,,34.471983,132.4337544,3340 1,,0,,,,
3340 2,,長楽寺,,34.4713817,132.4329528,3340 2,,0,,,,
3380 1,,東亜ハイツ,,34.462921,132.4418107,3380 1,,0,,,,
3390 1,,東亜ハイツ下,,34.4673593,132.441485,3390 1,,0,,,,
3390 2,,東亜ハイツ下,,34.4673462,132.4414078,3390 2,,0,,,,
3400 1,,東亜ハイツ上,,34.4634066,132.4418678,3400 1,,0,,,,
3410 1,,東亜ハイツ中,,34.4659994,132.4416278,3410 1,,0,,,,
3410 2,,東亜ハイツ中,,34.4656033,132.441574,3410 2,,0,,,,
3420 1,,東亜ハイツ入口,,34.4712717,132.4425118,3420 1,,0,,,,
3420 2,,東亜ハイツ入口,,34.4713817,132.4424182,3420 2,,0,,,,
3440 1,,日浦口,,34.4728455,132.4487547,3440 1,,0,,,,
3440 2,,日浦口,,34.4727107,132.4488611,3440 2,,0,,,,
3480 1,,伴安,,34.470544,132.4288676,3480 1,,0,,,,
3480 2,,伴安,,34.4701692,132.4284015,3480 2,,0,,,,
3490 1,,伴学校,,34.4619693,132.4079519,3490 1,,0,,,,
3500 1,,伴農協前,,34.4600196,132.4060596,3500 1,,0,,,,
3510 1,,尾越,,34.4695063,132.4413115,3510 1,,0,,,,
3510 2,,尾越,,34.4691894,132.4407638,3510 2,,0,,,,
3590 1,,緑ヶ丘団地,,34.45426161,132.3336643,3590 1,,0,,,,
3590 2,,緑ヶ丘団地,,34.4542538,132.3336816,3590 2,,0,,,,
3600 1,,緑ヶ丘団地下,,34.4543138,132.3307152,3600 1,,0,,,,
3600 2,,緑ヶ丘団地下,,34.454268,132.3307246,3600 2,,0,,,,
3610 1,,緑ヶ丘団地中,,34.4544193,132.3321932,3610 1,,0,,,,
3610 2,,緑ヶ丘団地中,,34.4543718,132.3321892,3610 2,,0,,,,
3660 1,,和楽荘,,34.4594635,132.3752944,3660 1,,0,,,,
3700 1,,沼田自動車学校前,,34.4681151,132.3918212,3700 1,,0,,,,
3710 1,,三建産業前,,34.4655703,132.3873852,3710 1,,0,,,,
3720 1,,伴福祉センター前,,34.4683606,132.3859981,3720 1,,0,,,,
3730 1,,平和台入口,,34.472394787979035175131,132.4355383861897412235884,3730 1,,0,,,,
3730 2,,平和台入口,,34.472478106922561178778,132.435221741888196701875,3730 2,,0,,,,
3740 1,,平和台下,,34.470411688597134754461,132.4367883736946910425056,3740 1,,0,,,,
3740 2,,平和台下,,34.470595001149460931254,132.4367217036576301933088,3740 2,,0,,,,
3750 1,,平和台中,,34.469478418696497223224,132.434705256071763203837,3750 1,,0,,,,
3750 2,,平和台中,,34.469578403618695755043,132.4345052682675883210478,3750 2,,0,,,,
3760 1,,安西小学校,,34.467461954603094402639,132.4339887417842387250558,3760 1,,0,,,,
3760 2,,安西小学校,,34.467245309410591089532,132.4338720947594748820848,3760 2,,0,,,,
3770 1,,安西高校下,,34.465528829458332756481,132.4340554918578323031288,3770 1,,0,,,,
3770 2,,安西高校下,,34.465745470576006608389,132.4339388251482776782690,3770 2,,0,,,,
3780 1,,安西高校,,34.464862213584281036872,132.4329056182182877813008,3780 1,,0,,,,
3780 2,,安西高校,,34.464995527186513816266,132.4325389758149487831024,3780 2,,0,,,,
3790 1,,安西中学校,,34.466178700605633949993,132.4306557446073031130136,3790 1,,0,,,,
3790 2,,安西中学校,,34.466212026293386439055,132.4304390936784265926638,3790 2,,0,,,,
3800 1,,平和台上,,34.467395219109289640283,132.4296057750695992429644,3800 1,,0,,,,
48247 1,,北部医療センター,,34.516557780315955568949,132.4956146959365527892016,48247 1,,0,,,,
