stop_id,stop_code,stop_name,stop_desc,stop_lat,stop_lon,zone_id,stop_url,location_type,parent_station,stop_timezone,wheelchair_boarding,platform_code
70000 1,,西広島駅,,34.3978909,132.4284753,70000 1,,0,,,,1
70000 2,,西広島駅,,34.397796,132.4283548,70000 2,,0,,,,2
70000 3,,西広島駅,,34.3976888,132.4282261,70000 3,,0,,,,3
70010 1,,己斐橋,,34.3992549,132.4302449,70010 1,,0,,,,
70020 1,,己斐中二丁目,,34.3997714,132.4281726,70020 1,,0,,,,
70020 2,,己斐中二丁目,,34.3998892,132.4290923,70020 2,,0,,,,
70030 1,,みどり幼稚園,,34.39975239,132.4259092,70030 1,,0,,,,
70030 2,,みどり幼稚園,,34.3997041,132.4258075,70030 2,,0,,,,
70040 1,,己斐小学校,,34.4008678,132.4223443,70040 1,,0,,,,
70040 2,,己斐小学校,,34.4007455,132.4225183,70040 2,,0,,,,
70050 1,,紅葉園,,34.402982,132.4201107,70050 1,,0,,,,
70050 2,,紅葉園,,34.4029409,132.4200164,70050 2,,0,,,,
70060 1,,己斐中学校入口,,34.4063337,132.4197641,70060 1,,0,,,,
70060 2,,己斐中学校入口,,34.4063776,132.4197103,70060 2,,0,,,,
70070 1,,己斐峠入口,,34.4087458,132.4200776,70070 1,,0,,,,1
70070 2,,己斐峠入口,,34.409369,132.4197513,70070 2,,0,,,,2
70070 3,,己斐峠入口,,34.4093316,132.419442,70070 3,,0,,,,3
70070 4,,己斐峠入口,,34.409682,132.4200018,70070 4,,0,,,,4
70080 1,,己斐上四丁目,,34.4108623,132.421215,70080 1,,0,,,,
70080 2,,己斐上四丁目,,34.4110256,132.4213219,70080 2,,0,,,,
70090 1,,己斐上四丁目上,,34.4126511,132.4230611,70090 1,,0,,,,
70090 2,,己斐上四丁目上,,34.4129121,132.4229657,70090 2,,0,,,,
70100 1,,無線台下,,34.4150044,132.4222293,70100 1,,0,,,,
70100 2,,無線台下,,34.4151973,132.4222577,70100 2,,0,,,,
70110 1,,緑ヶ丘入口,,34.4160329,132.4212744,70110 1,,0,,,,
70110 2,,緑ヶ丘入口,,34.4159371,132.4212571,70110 2,,0,,,,
70120 1,,やまなみ,,34.4159816,132.41972,70120 1,,0,,,,
70120 2,,やまなみ,,34.4158738,132.4196705,70120 2,,0,,,,
70130 1,,広電己斐団地,,34.4153193,132.4186303,70130 1,,0,,,,
70130 2,,広電己斐団地,,34.4152364,132.418658,70130 2,,0,,,,
70140 1,,国迫団地,,34.4142941,132.4240996,70140 1,,0,,,,1
70140 2,,国迫団地,,34.4143549,132.424137,70140 2,,0,,,,2
70140 3,,国迫団地,,34.414343,132.4247479,70140 3,,0,,,,3
70140 4,,国迫団地,,34.4137988,132.4244877,70140 4,,0,,,,4
70150 1,,大迫団地下,,34.415734,132.428074,70150 1,,0,,,,
70150 2,,大迫団地下,,34.4157807,132.427902,70150 2,,0,,,,
70160 1,,大迫団地,,34.4140522,132.4287801,70160 1,,0,,,,
70170 1,,明山台下,,34.40923455,132.4165595,70170 1,,0,,,,
70170 2,,明山台下,,34.409179,132.4165269,70170 2,,0,,,,
70180 1,,明山台中,,34.40980112,132.414793,70180 1,,0,,,,
70180 2,,明山台中,,34.4097546,132.4147652,70180 2,,0,,,,
70190 1,,閑静園,,34.4080906,132.4132273,70190 1,,0,,,,
70190 2,,閑静園,,34.4080307,132.4132394,70190 2,,0,,,,
70200 1,,もみじが丘入口,,34.4051902,132.4108869,70200 1,,0,,,,
70200 2,,もみじが丘入口,,34.4053056,132.4107004,70200 2,,0,,,,
70210 1,,もみじが丘中央,,34.4033313,132.4121431,70210 1,,0,,,,
70210 2,,もみじが丘中央,,34.4031446,132.4120986,70210 2,,0,,,,
70220 1,,もみじが丘南,,34.4021187,132.4122185,70220 1,,0,,,,
70220 2,,もみじが丘南,,34.4022244,132.4121148,70220 2,,0,,,,
70230 1,,もみじが丘第二公園,,34.4040651,132.4132559,70230 1,,0,,,,
70230 2,,もみじが丘第二公園,,34.4040478,132.4130844,70230 2,,0,,,,
70240 1,,共立ハイツ上,,34.404874,132.4144881,70240 1,,0,,,,
70240 2,,共立ハイツ上,,34.4047884,132.4143494,70240 2,,0,,,,
70250 1,,共立ハイツ,,34.4043518,132.4163246,70250 1,,0,,,,
70570 1,,五月が丘三丁目,,34.4260402,132.4012417,70570 1,,0,,,,
70570 2,,五月が丘三丁目,,34.4257627,132.401323,70570 2,,0,,,,
70580 1,,五月が丘二丁目,,34.4217414,132.4005632,70580 1,,0,,,,
70580 2,,五月が丘二丁目,,34.4219651,132.4007352,70580 2,,0,,,,
70590 1,,五月が丘一丁目,,34.4180612,132.4017873,70590 1,,0,,,,
70590 2,,五月が丘一丁目,,34.4183054,132.4017558,70590 2,,0,,,,
70630 1,,五月が丘四丁目,,34.4285544,132.4034969,70630 1,,0,,,,
70630 2,,五月が丘四丁目,,34.4284961,132.4032514,70630 2,,0,,,,
70640 1,,五月が丘四丁目上,,34.4290093,132.4052972,70640 1,,0,,,,
70640 2,,五月が丘四丁目上,,34.4290438,132.4051992,70640 2,,0,,,,
70650 1,,五月が丘団地,,34.4302691,132.4050345,70650 1,,0,,,,
70920 1,,広電己斐団地入口,,34.4129187,132.4164283,70920 1,,0,,,,1
70920 2,,広電己斐団地入口,,34.4130002,132.4170757,70920 2,,0,,,,2
70920 3,,広電己斐団地入口,,34.4125738,132.4166375,70920 3,,0,,,,3
70920 4,,広電己斐団地入口,,34.4129945,132.4168444,70920 4,,0,,,,4
70930 1,,己斐峠,,34.416097,132.4109632,70930 1,,0,,,,
70930 2,,己斐峠,,34.4159036,132.4101841,70930 2,,0,,,,
70940 1,,己斐上三丁目,,34.4107451,132.4172433,70940 1,,0,,,,
70940 2,,己斐上三丁目,,34.4107473,132.4170973,70940 2,,0,,,,
70970 1,,高須台五丁目,,34.4011488,132.4136156,70970 1,,0,,,,
70970 2,,高須台五丁目,,34.4010643,132.4127704,70970 2,,0,,,,
70980 1,,高須台四丁目,,34.4011432,132.416623,70980 1,,0,,,,
70980 2,,高須台四丁目,,34.4009965,132.4159146,70980 2,,0,,,,
70990 1,,高須台中央,,34.3990049,132.4177089,70990 1,,0,,,,
70990 2,,高須台中央,,34.3989039,132.4175718,70990 2,,0,,,,
71000 1,,高須小学校,,34.3969203,132.4149125,71000 1,,0,,,,
71000 2,,高須小学校,,34.3970281,132.4144013,71000 2,,0,,,,
71010 1,,学院東門前,,34.3946537,132.4106503,71010 1,,0,,,,
71010 2,,学院東門前,,34.3946451,132.4105433,71010 2,,0,,,,
71020 4,,古江,,34.3939038,132.4129994,71020 4,,0,,,,
71020 5,,古江,,34.3939221,132.4128345,71020 5,,0,,,,
71040 1,,己斐本町二丁目,,34.3941609,132.4256096,71040 1,,0,,,,1
71040 2,,己斐本町二丁目,,34.3932565,132.4250617,71040 2,,0,,,,3
71050 4,,己斐,,34.3965826,132.4280697,71050 4,,0,,,,4
71050 6,,己斐,,34.3965027,132.4276941,71050 6,,0,,,,5
71070 1,,上天満町,,34.3986439,132.4410592,71070 1,,0,,,,
71070 2,,上天満町,,34.3984338,132.441161,71070 2,,0,,,,
71080 1,,十日市,,34.39731971,132.4484074,71080 1,,0,,,,1
71080 3,,十日市,,34.39703641,132.4484741,71080 3,,0,,,,3
71100 1,,己斐城山墓苑前,,34.4144552,132.4137655,71100 1,,0,,,,
71100 2,,己斐城山墓苑前,,34.4147092,132.4140034,71100 2,,0,,,,
71110 1,,日生東団地,,34.41073451,132.4239255,71110 1,,0,,,,
71110 2,,日生東団地,,34.41080117,132.4239422,71110 2,,0,,,,
71130 22,,紙屋町,紙屋町東電停前,34.3951348,132.458828,71130 22,,0,,,,22
71130 33,,紙屋町,エディオン西館前,34.395551,132.4559196,71130 33,,0,,,,33
71140 27,,紙屋町,原爆ドーム前,34.39610328,132.454807,71140 27,,0,,,,27
71150 1,,都町,,34.3972752,132.4371391,71150 1,,0,,,,
71150 2,,都町,,34.3969539,132.4378204,71150 2,,0,,,,
71160 1,,福島町,,34.3977485,132.4357448,71160 1,,0,,,,
71160 2,,福島町,,34.3977472,132.4355436,71160 2,,0,,,,
71170 6,,八丁堀,,34.3943314,132.4619714,71170 6,,0,,,,6
71180 1,,イトーピア入口,,34.40233,132.427989,71180 1,,0,,,,
71180 2,,イトーピア入口,,34.4022922,132.4281357,71180 2,,0,,,,
71190 1,,集会所前,,34.4036777,132.4277415,71190 1,,0,,,,
71190 2,,集会所前,,34.403442,132.4273813,71190 2,,0,,,,
71200 1,,観音堂入口,,34.4056912,132.4270957,71200 1,,0,,,,
71200 2,,観音堂入口,,34.4056034,132.4266202,71200 2,,0,,,,
71210 1,,フジハイツ消防署前,,34.4056239,132.4223854,71210 1,,0,,,,1
71210 2,,フジハイツ消防署前,,34.4061742,132.4222227,71210 2,,0,,,,2
71210 3,,フジハイツ消防署前,,34.4061306,132.4221268,71210 3,,0,,,,3
71210 4,,フジハイツ消防署前,,34.4055292,132.422488,71210 4,,0,,,,4
71220 1,,フジハイツ第二公園,,34.4032553,132.4236165,71220 1,,0,,,,
71230 1,,己斐東小学校前,,34.4062067,132.4269002,71230 1,,0,,,,
71230 2,,己斐東小学校前,,34.40618506,132.4271088,71230 2,,0,,,,
71240 1,,イトーピアマンション前,,34.4071777,132.4277723,71240 1,,0,,,,
71260 1,,西区役所前,,34.3946677,132.4348277,71260 1,,0,,,,
71260 2,,西区役所前,,34.3944655,132.4346424,71260 2,,0,,,,
71270 1,,もみじが丘第一公園,,34.4057838,132.4123529,71270 1,,0,,,,
71270 2,,もみじが丘第一公園,,34.4056935,132.4123067,71270 2,,0,,,,
71300 1,,そらの北,,34.4135374,132.4017272,71300 1,,0,,,,1
71300 2,,そらの北,,34.4133948,132.4018799,71300 2,,0,,,,2
71310 1,,ジ アウトレット 広島,,34.4107916,132.3991337,71310 1,,0,,,,1
71310 2,,ジ アウトレット 広島,,34.410637,132.399053,71310 2,,0,,,,2
71320 1,,石内南四丁目,,34.4142662,132.3899621,71320 1,,0,,,,
71320 2,,石内南四丁目,,34.4142686,132.3900668,71320 2,,0,,,,
71330 1,,免許センター,,34.4150907,132.3920887,71330 1,,0,,,,
